##
#  file: HodoParam_0
#  date:
#  note: 
#
#
#######################################################################
# CId   PlId    SegId   AorT    UorD    p0      p1
#
#########################################################
# BH1 Adc Up                                            #
#########################################################
1 0 0 0 0 155.245 430.829
1 0 1 0 0 123.512 604.443
1 0 2 0 0 123.467 499.373
1 0 3 0 0 167.341 426.512
1 0 4 0 0 141.517 236.795
1 0 5 0 0 113.48 392.585
1 0 6 0 0 152.044 386.296
1 0 7 0 0 132.99 333.614
1 0 8 0 0 138.229 462.273
1 0 9 0 0 158.126 648.813
1 0 10 0 0 145.927 600.556
#########################################################
# BH1 Adc Down                                          #
#########################################################
1 0 0 0 1 124.33 511.96
1 0 1 0 1 110.506 455.57
1 0 2 0 1 86.1305 466.215
1 0 3 0 1 139.606 478.192
1 0 4 0 1 139.12 360.043
1 0 5 0 1 126.166 397.669
1 0 6 0 1 150.803 419.688
1 0 7 0 1 154.638 286.779
1 0 8 0 1 99.9372 595.672
1 0 9 0 1 125.515 471.325
1 0 10 0 1 129.503 702.477
#########################################################
# BH1 Tdc Up                                            #
#########################################################
1 0 0 1 0 861.593 0.0370549
1 0 1 1 0 885.269 0.0370971
1 0 2 1 0 841.266 0.0369069
1 0 3 1 0 890.278 0.0369385
1 0 4 1 0 809.683 0.0369208
1 0 5 1 0 788.027 0.0362206
1 0 6 1 0 787.865 0.0368107
1 0 7 1 0 816.604 0.0371586
1 0 8 1 0 758.292 0.0371224
1 0 9 1 0 800.497 0.0371713
1 0 10 1 0 767.207 0.0373378
#########################################################
# BH1 Tdc Down                                          #
#########################################################
1 0 0 1 1 896.899 0.0369316
1 0 1 1 1 838.768 0.0374816
1 0 2 1 1 868.816 0.0371776
1 0 3 1 1 899.819 0.0368563
1 0 4 1 1 802.861 0.0374326
1 0 5 1 1 955.833 0.0373016
1 0 6 1 1 966.972 0.0373109
1 0 7 1 1 959.191 0.0372251
1 0 8 1 1 975.88 0.0370549
1 0 9 1 1 937.33 0.0370971
1 0 10 1 1 938.39 0.0369069
#########################################################
# BH2 Adc Up                                            #
#########################################################
2 0 0 0 0 92.2273 290.059
2 0 1 0 0 121.919 291.343
2 0 2 0 0 123.424 435.63
2 0 3 0 0 122.555 333.193
2 0 4 0 0 110.678 286.178
2 0 5 0 0 123.145 348.4
2 0 6 0 0 119 282.424
2 0 7 0 0 120.147 324.929
#########################################################
# BH2 Adc Down                                          #
#########################################################
2 0 0 0 1 103.433 343.687
2 0 1 0 1 124.28 310.53
2 0 2 0 1 94.5348 285.623
2 0 3 0 1 125.74 333.111
2 0 4 0 1 121.877 290.966
2 0 5 0 1 101.99 270.229
2 0 6 0 1 110.306 286.935
2 0 7 0 1 121.831 380.195
#########################################################
# BH2 Tdc Up                                            #
#########################################################
2 0 0 1 0 347.259 0.0368769
2 0 1 1 0 332.288 0.0361088
2 0 2 1 0 364.777 0.0365364
2 0 3 1 0 334.392 0.0381002
2 0 4 1 0 293.419 0.0379248
2 0 5 1 0 335.829 0.0362089
2 0 6 1 0 311.845 0.0361923
2 0 7 1 0 359.406 0.0363159
#########################################################
# BH2 Tdc Down                                          #
#########################################################
2 0 0 1 1 388.799 0.0369205
2 0 1 1 1 268.195 0.0361785
2 0 2 1 1 309.475 0.0363111
2 0 3 1 1 354.759 0.0363229
2 0 4 1 1 347.289 0.0369622
2 0 5 1 1 362.446 0.036778
2 0 6 1 1 363.593 0.036838
2 0 7 1 1 314.927 0.0361715
#########################################################
# BH2 cable offset                                      #
#########################################################
2 0 0 1 2 0.27209 1
2 0 1 1 2 -0.0401217 1
2 0 2 1 2 -0.00443624 1
