##
#  file: HodoParam_0
#  date: 2017.04.18
#  note: first version of E07-Phase2
#
#
#######################################################################
# CId   PlId    SegId   AorT    UorD    p0      p1
#
#########################################################
# BH1 Adc Up                                            #
#########################################################
1	 0	 0	 0	 0	 154.708  	  480.197
1	 0	 1	 0	 0	 123.181  	  592.634
1	 0	 2	 0	 0	 123.197  	  469.024
1	 0	 3	 0	 0	 167.249  	  418.803
1	 0	 4	 0	 0	 141.238  	  229.436
1	 0	 5	 0	 0	 113.269  	  373.538
1	 0	 6	 0	 0	 151.862  	  373.676
1	 0	 7	 0	 0	 132.753  	  316.367
1	 0	 8	 0	 0	 137.871  	  450.995
1	 0	 9	 0	 0	 157.695  	  651.585
1	 0	 10	 0	 0	 145.579  	  577.65
#########################################################
# BH1 Adc Down                                          #
#########################################################
1	 0	 0	 0	 1	 123.979  	  501.901
1	 0	 1	 0	 1	 109.803  	  527.369
1	 0	 2	 0	 1	 86.5179  	  457.784
1	 0	 3	 0	 1	 139.326  	  471.846
1	 0	 4	 0	 1	 138.182  	  370.892
1	 0	 5	 0	 1	 126.023  	  383.428
1	 0	 6	 0	 1	 150.854  	  419.31
1	 0	 7	 0	 1	 154.408  	  281.666
1	 0	 8	 0	 1	 99.8837  	  593.435
1	 0	 9	 0	 1	 125.234  	  468.78
1	 0	 10	 0	 1	 129.395  	  471.492
#########################################################
# BH1 Tdc Up                                            #
#########################################################
1	 0	 0	 1	 0	 384671  	  -0.000939002
1	 0	 1	 1	 0	 386609  	  -0.000939002
1	 0	 2	 1	 0	 386577  	  -0.000939002
1	 0	 3	 1	 0	 385142  	  -0.000939002
1	 0	 4	 1	 0	 386657  	  -0.000939002
1	 0	 5	 1	 0	 387238  	  -0.000939002
1	 0	 6	 1	 0	 387632  	  -0.000939002
1	 0	 7	 1	 0	 385283  	  -0.000939002
1	 0	 8	 1	 0	 387490  	  -0.000939002
1	 0	 9	 1	 0	 387515  	  -0.000939002
1	 0	 10	 1	 0	 386443  	  -0.000939002
#########################################################
# BH1 Tdc Down                                          #
#########################################################
1	 0	 0	 1	 1	 386490  	  -0.000939002
1	 0	 1	 1	 1	 386743  	  -0.000939002
1	 0	 2	 1	 1	 386998  	  -0.000939002
1	 0	 3	 1	 1	 385784  	  -0.000939002
1	 0	 4	 1	 1	 386986  	  -0.000939002
1	 0	 5	 1	 1	 386578  	  -0.000939002
1	 0	 6	 1	 1	 386945  	  -0.000939002
1	 0	 7	 1	 1	 385166  	  -0.000939002
1	 0	 8	 1	 1	 387059  	  -0.000939002
1	 0	 9	 1	 1	 386969  	  -0.000939002
1	 0	 10	 1	 1	 386884  	  -0.000939002
#########################################################
# BH2 Adc Up                                            #
#########################################################
2	 0	 0	 0	 0	 93.3066  	  300.554
2	 0	 1	 0	 0	 123.013  	  283.857
2	 0	 2	 0	 0	 124.186  	  430.573
2	 0	 3	 0	 0	 125.228  	  325.944
2	 0	 4	 0	 0	 115.489  	  273.602
2	 0	 5	 0	 0	 124.84  	  304.223
2	 0	 6	 0	 0	 119.677  	  282.299
2	 0	 7	 0	 0	 119.651  	  299.128
#########################################################
# BH2 Adc Down                                          #
#########################################################
2	 0	 0	 0	 1	 102.064  	  317.455
2	 0	 1	 0	 1	 124.666  	  299.18
2	 0	 2	 0	 1	 95.668  	  285.226
2	 0	 3	 0	 1	 126.376  	  311.458
2	 0	 4	 0	 1	 123.093  	  282.109
2	 0	 5	 0	 1	 102.184  	  272.893
2	 0	 6	 0	 1	 110.316  	  288.964
2	 0	 7	 0	 1	 121.982  	  266.659
#########################################################
# BH2 Tdc Up                                            #
#########################################################
2	 0	 0	 1	 0	 352084  	  -0.000939002
2	 0	 1	 1	 0	 353560  	  -0.000939002
2	 0	 2	 1	 0	 353130  	  -0.000939002
2	 0	 3	 1	 0	 353760  	  -0.000939002
2	 0	 4	 1	 0	 354345  	  -0.000939002
2	 0	 5	 1	 0	 353601  	  -0.000939002
2	 0	 6	 1	 0	 354695  	  -0.000939002
2	 0	 7	 1	 0	 352791  	  -0.000939002
