##
#  file: HodoParam_0
#  date: 2017.04.18
#  note: first version of E07-Phase2
#
#
#######################################################################
# CId   PlId    SegId   AorT    UorD    p0      p1
#
#########################################################
# BH1 Adc Up                                            #
#########################################################
1 0 0 0 0 155.176 515.471
1 0 1 0 0 123.457 620.51
1 0 2 0 0 123.446 483.06
1 0 3 0 0 167.304 422.836
1 0 4 0 0 141.499 235.858
1 0 5 0 0 113.501 387.233
1 0 6 0 0 152.03 381.986
1 0 7 0 0 133.022 329.92
1 0 8 0 0 138.226 469.183
1 0 9 0 0 158.15 721.29
1 0 10 0 0 145.882 597.049
#########################################################
# BH1 Adc Down                                          #
#########################################################
1 0 0 0 1 124.319 454.582
1 0 1 0 1 110.518 532.546
1 0 2 0 1 86.2908 461.163
1 0 3 0 1 139.656 481.582
1 0 4 0 1 139.131 384.044
1 0 5 0 1 126.256 390.742
1 0 6 0 1 150.866 419.904
1 0 7 0 1 154.734 288.005
1 0 8 0 1 100.053 588.298
1 0 9 0 1 125.623 472.358
1 0 10 0 1 129.569 656.697
#########################################################
# BH1 Tdc Up                                            #
#########################################################
1 0 0 1 0 844.604 0.0370549
1 0 1 1 0 865.609 0.0370971
1 0 2 1 0 833.991 0.0369069
1 0 3 1 0 893.355 0.0369385
1 0 4 1 0 812.122 0.0369208
1 0 5 1 0 795.267 0.0362206
1 0 6 1 0 790.383 0.0368107
1 0 7 1 0 822.119 0.0371586
1 0 8 1 0 760.595 0.0371224
1 0 9 1 0 804.259 0.0371713
1 0 10 1 0 773.177 0.0373378
#########################################################
# BH1 Tdc Down                                          #
#########################################################
1 0 0 1 1 874.741 0.0369316
1 0 1 1 1 826.497 0.0374816
1 0 2 1 1 858.305 0.0371776
1 0 3 1 1 901.751 0.0368563
1 0 4 1 1 804.362 0.0374326
1 0 5 1 1 960.878 0.0373016
1 0 6 1 1 972.318 0.0373109
1 0 7 1 1 967.171 0.0372251
1 0 8 1 1 982.268 0.0370549
1 0 9 1 1 939.044 0.0370971
1 0 10 1 1 948.056 0.0369069
#########################################################
# BH2 Adc Up                                            #
#########################################################
2 0 0 0 0 92.0604 370.272
2 0 1 0 0 121.618 291.161
2 0 2 0 0 123.131 449.135
2 0 3 0 0 123.51 339.509
2 0 4 0 0 113.545 271.793
2 0 5 0 0 122.732 316.708
