##
#  file: HodoParam_0
#  date: 2017.04.18
#  note: first version of E07-Phase2
#
#
#######################################################################
# CId   PlId    SegId   AorT    UorD    p0      p1
#
#########################################################
# BH1 Adc Up                                            #
#########################################################
1 0 0 0 0 155.759 520.971
1 0 1 0 0 124.272 580.864
1 0 2 0 0 124.189 480.031
1 0 3 0 0 170.4 437.677
1 0 4 0 0 142.712 236.82
1 0 5 0 0 114.217 383.263
1 0 6 0 0 152.935 521.033
1 0 7 0 0 133.996 326.211
1 0 8 0 0 139.949 443.681
1 0 9 0 0 158.923 651.946
1 0 10 0 0 146.81 615.506
#########################################################
# BH1 Adc Down                                          #
#########################################################
1 0 0 0 1 124.772 499.165
1 0 1 0 1 111.165 546.285
1 0 2 0 1 87.1485 438.524
1 0 3 0 1 140.765 489.944
1 0 4 0 1 140.437 398.156
1 0 5 0 1 127.076 395.189
1 0 6 0 1 151.971 438.554
1 0 7 0 1 155.747 288.29
1 0 8 0 1 100.988 608.415
1 0 9 0 1 126.449 484.491
1 0 10 0 1 130.439 509.511
#########################################################
# BH1 Tdc Up                                            #
#########################################################
1 0 0 1 0 851.806 0.0370549
1 0 1 1 0 873.262 0.0370971
1 0 2 1 0 835.25 0.0369069
1 0 3 1 0 888.252 0.0369385
1 0 4 1 0 804.231 0.0369208
1 0 5 1 0 788.229 0.0362206
1 0 6 1 0 783.935 0.0368107
1 0 7 1 0 813.618 0.0371586
1 0 8 1 0 750.642 0.0371224
1 0 9 1 0 794.353 0.0371713
1 0 10 1 0 766.281 0.0373378
#########################################################
# BH1 Tdc Down                                          #
#########################################################
1 0 0 1 1 881.538 0.0369316
1 0 1 1 1 833.86 0.0374816
1 0 2 1 1 866.932 0.0371776
1 0 3 1 1 892.22 0.0368563
1 0 4 1 1 798.49 0.0374326
