##
#  file: HodoParam_0
#  date:
#  note: 
#
#
#######################################################################
# CId   PlId    SegId   AorT    UorD    p0      p1
#
#########################################################
# BH1 Adc Up                                            #
#########################################################
1 0 0 0 0 155.245 504.249
1 0 1 0 0 123.512 611.435
1 0 2 0 0 123.467 490.771
1 0 3 0 0 167.341 428.764
1 0 4 0 0 141.517 237.877
1 0 5 0 0 113.48 386.592
1 0 6 0 0 152.044 388.663
1 0 7 0 0 132.99 332.786
1 0 8 0 0 138.229 461.699
1 0 9 0 0 158.126 660.054
1 0 10 0 0 145.927 604.725
#########################################################
# BH1 Adc Down                                          #
#########################################################
1 0 0 0 1 124.33 511.246
1 0 1 0 1 110.506 241.085
1 0 2 0 1 86.1305 468.701
1 0 3 0 1 139.606 479.079
1 0 4 0 1 139.12 385.218
1 0 5 0 1 126.166 391.902
1 0 6 0 1 150.803 422.211
1 0 7 0 1 154.638 290.694
1 0 8 0 1 99.9372 596.538
1 0 9 0 1 125.515 477.805
1 0 10 0 1 129.503 343.374
#########################################################
# BH1 Tdc Up                                            #
#########################################################
1 0 0 1 0 155.245 0.0370549
1 0 1 1 0 123.512 0.0370971
1 0 2 1 0 123.467 0.0369069
1 0 3 1 0 167.341 0.0369385
1 0 4 1 0 141.517 0.0369208
1 0 5 1 0 113.48 0.0362206
1 0 6 1 0 152.044 0.0368107
1 0 7 1 0 132.99 0.0371586
1 0 8 1 0 138.229 0.0371224
1 0 9 1 0 158.126 0.0371713
1 0 10 1 0 145.927 0.0373378
#########################################################
# BH1 Tdc Down                                          #
#########################################################
1 0 0 1 1 504.249 0.0369316
1 0 1 1 1 611.435 0.0374816
1 0 2 1 1 490.771 0.0371776
1 0 3 1 1 428.764 0.0368563
1 0 4 1 1 237.877 0.0374326
1 0 5 1 1 386.592 0.0373016
1 0 6 1 1 388.663 0.0373109
1 0 7 1 1 332.786 0.0372251
1 0 8 1 1 461.699 0.0370549
1 0 9 1 1 660.054 0.0370971
1 0 10 1 1 604.725 0.0369069
#########################################################
# BH2 Adc Up                                            #
#########################################################
2 0 0 0 0 92.2273 300.441
2 0 1 0 0 121.919 289.683
2 0 2 0 0 123.424 444.094
2 0 3 0 0 122.555 335.308
2 0 4 0 0 110.678 273.248
2 0 5 0 0 123.145 320.889
2 0 6 0 0 119 281.831
2 0 7 0 0 120.147 313.539
#########################################################
# BH2 Adc Down                                          #
#########################################################
2 0 0 0 1 103.433 308.026
2 0 1 0 1 124.28 311.716
2 0 2 0 1 94.5348 291.625
2 0 3 0 1 125.74 321.208
2 0 4 0 1 121.877 288.773
2 0 5 0 1 101.99 276.168
2 0 6 0 1 110.306 332.643
2 0 7 0 1 121.831 258.196
#########################################################
# BH2 Tdc Up                                            #
#########################################################
2 0 0 1 0 92.2273 0.0368769
2 0 1 1 0 121.919 0.0361088
2 0 2 1 0 123.424 0.0365364
2 0 3 1 0 122.555 0.0381002
2 0 4 1 0 110.678 0.0379248
2 0 5 1 0 123.145 0.0362089
2 0 6 1 0 119 0.0361923
2 0 7 1 0 120.147 0.0363159
#########################################################
# BH2 Tdc Down                                          #
#########################################################
2 0 0 1 1 300.441 0.0369205
2 0 1 1 1 289.683 0.0361785
2 0 2 1 1 444.094 0.0363111
2 0 3 1 1 335.308 0.0363229
2 0 4 1 1 273.248 0.0369622
2 0 5 1 1 320.889 0.036778
2 0 6 1 1 281.831 0.036838
2 0 7 1 1 313.539 0.0361715
#########################################################
# BH2 cable offset                                      #
#########################################################
2 0 0 1 2 0 1
2 0 1 1 2 0 1
2 0 2 1 2 0 1
2 0 3 1 2 0 1
2 0 4 1 2 0 1
2 0 5 1 2 0 1
2 0 6 1 2 0 1
2 0 7 1 2 0 1
#########################################################
# BAC Adc                                               #
#########################################################
3 0 0 0 0 100 700
3 0 1 0 0 100 700
#########################################################
# BAC Tdc                                               #
#########################################################
3 0 0 1 0 700 0.0378183
3 0 1 1 0 700 0.0368411
#########################################################
# FBH Tdc Up                                            #
#########################################################
4 0 0 1 0 668.274 1
4 0 1 1 0 667.723 1
4 0 2 1 0 667.718 1
4 0 3 1 0 668.373 1
4 0 4 1 0 667.47 1
4 0 5 1 0 667.58 1
4 0 6 1 0 668.167 1
4 0 7 1 0 667.709 1
4 0 8 1 0 667.435 1
4 0 9 1 0 665.277 1
4 0 10 1 0 667.814 1
4 0 11 1 0 667.795 1
4 0 12 1 0 668.097 1
4 0 13 1 0 668.588 1
4 0 14 1 0 668.308 1
4 0 15 1 0 668.815 1
#########################################################
# FBH Tdc Down                                          #
#########################################################
4 0 0 1 1 668.274 1
4 0 1 1 1 667.723 1
4 0 2 1 1 667.718 1
4 0 3 1 1 668.373 1
4 0 4 1 1 667.47 1
4 0 5 1 1 667.58 1
4 0 6 1 1 668.167 1
4 0 7 1 1 667.709 1
4 0 8 1 1 667.435 1
4 0 9 1 1 665.277 1
4 0 10 1 1 667.814 1
4 0 11 1 1 667.795 1
4 0 12 1 1 668.097 1
4 0 13 1 1 668.588 1
4 0 14 1 1 668.308 1
4 0 15 1 1 668.815 1
#########################################################
# PVAC Adc                                              #
#########################################################
5 0 0 0 0 100 700
#########################################################
# PVAC Tdc                                              #
#########################################################
5 0 0 1 0 700 0.0366199
#########################################################
# FAC Adc                                               #
#########################################################
6 0 0 0 0 100 700
#########################################################
# FAC Tdc                                               #
#########################################################
6 0 0 1 0 700 0.037168
#########################################################
# SAC Adc                                               #
#########################################################
9 0 0 0 0 100 700
9 0 1 0 0 100 700
9 0 2 0 0 100 700
9 0 3 0 0 100 700
#########################################################
# SAC Tdc                                               #
#########################################################
9 0 0 1 0 700 1
9 0 1 1 0 700 1
9 0 2 1 0 700 1
9 0 3 1 0 700 1
#########################################################
# SCH Tdc                                               #
#########################################################
7 0 0 1 0 469 1
7 0 1 1 0 469 1
7 0 2 1 0 469 1
7 0 3 1 0 469 1
7 0 4 1 0 469 1
7 0 5 1 0 469 1
7 0 6 1 0 469 1
7 0 7 1 0 469 1
7 0 8 1 0 469 1
7 0 9 1 0 469 1
7 0 10 1 0 469 1
7 0 11 1 0 469 1
7 0 12 1 0 469 1
7 0 13 1 0 469 1
7 0 14 1 0 469 1
7 0 15 1 0 469 1
7 0 16 1 0 469 1
7 0 17 1 0 469 1
7 0 18 1 0 469 1
7 0 19 1 0 469 1
7 0 20 1 0 469 1
7 0 21 1 0 469 1
7 0 22 1 0 469 1
7 0 23 1 0 469 1
7 0 24 1 0 469 1
7 0 25 1 0 469 1
7 0 26 1 0 469 1
7 0 27 1 0 469 1
7 0 28 1 0 469 1
7 0 29 1 0 469 1
7 0 30 1 0 469 1
7 0 31 1 0 469 1
7 0 32 1 0 469 1
7 0 33 1 0 469 1
7 0 34 1 0 469 1
7 0 35 1 0 469 1
7 0 36 1 0 469 1
7 0 37 1 0 469 1
7 0 38 1 0 469 1
7 0 39 1 0 469 1
7 0 40 1 0 469 1
7 0 41 1 0 469 1
7 0 42 1 0 469 1
7 0 43 1 0 469 1
7 0 44 1 0 469 1
7 0 45 1 0 469 1
7 0 46 1 0 469 1
7 0 47 1 0 469 1
7 0 48 1 0 469 1
7 0 49 1 0 469 1
7 0 50 1 0 469 1
7 0 51 1 0 469 1
7 0 52 1 0 469 1
7 0 53 1 0 469 1
7 0 54 1 0 469 1
7 0 55 1 0 469 1
7 0 56 1 0 469 1
7 0 57 1 0 469 1
7 0 58 1 0 469 1
7 0 59 1 0 469 1
7 0 60 1 0 469 1
7 0 61 1 0 469 1
7 0 62 1 0 469 1
7 0 63 1 0 469 1
#########################################################
# TOF Adc Up                                            #
#########################################################
8 0 0 0 0 115.666 1124.92
8 0 1 0 0 102.58 875.036
8 0 2 0 0 112.795 1140.09
8 0 3 0 0 95.263 894.925
8 0 4 0 0 115.559 1569.45
8 0 5 0 0 113.672 1167.48
8 0 6 0 0 105.801 1191.68
8 0 7 0 0 89.997 1360.76
8 0 8 0 0 101.415 1092.01
8 0 9 0 0 85.609 1339.07
8 0 10 0 0 101.951 1062.11
8 0 11 0 0 105.514 958.8
8 0 12 0 0 99.732 999.187
8 0 13 0 0 93.578 1192.29
8 0 14 0 0 91.442 1190.94
8 0 15 0 0 80.633 1147.65
8 0 16 0 0 75.028 961.575
8 0 17 0 0 111.195 988.605
8 0 18 0 0 86.256 933.203
8 0 19 0 0 63.301 940.414
8 0 20 0 0 97.5 1439.68
8 0 21 0 0 61.43 871.046
8 0 22 0 0 65.476 1070.84
8 0 23 0 0 77.569 975.208
#########################################################
# TOF Adc Down                                          #
#########################################################
8 0 0 0 1 143.945 1308.49
8 0 1 0 1 107.208 860.694
8 0 2 0 1 73.59 760.27
8 0 3 0 1 92.872 791.454
8 0 4 0 1 88.498 1211.65
8 0 5 0 1 68.568 1427.21
8 0 6 0 1 81.365 1087.22
8 0 7 0 1 97.837 1237.05
8 0 8 0 1 85.469 1128.78
8 0 9 0 1 75.278 1120.51
8 0 10 0 1 105.363 1173.05
8 0 11 0 1 162.83 705.846
8 0 12 0 1 67.289 693.921
8 0 13 0 1 89.976 874.507
8 0 14 0 1 69.555 1135.1
8 0 15 0 1 93.064 1088.91
8 0 16 0 1 70.81 810.995
8 0 17 0 1 68.594 862.284
8 0 18 0 1 91.47 884.944
8 0 19 0 1 154.572 909.066
8 0 20 0 1 116.862 837.49
8 0 21 0 1 66.837 899.684
8 0 22 0 1 62.484 735.655
8 0 23 0 1 108.326 825.417
#########################################################
# TOF Tdc Up                                            #
#########################################################
8 0 0 1 0 192.774 0.0370439
8 0 1 1 0 204.191 0.0365437
8 0 2 1 0 235.288 0.0364671
8 0 3 1 0 118.229 0.0368682
8 0 4 1 0 132.064 0.0368655
8 0 5 1 0 193.118 0.0362682
8 0 6 1 0 269.867 0.0366176
8 0 7 1 0 199.043 0.0362366
8 0 8 1 0 266.114 0.0369205
8 0 9 1 0 255.342 0.0361785
8 0 10 1 0 231.877 0.0363111
8 0 11 1 0 285.849 0.0363229
8 0 12 1 0 260.487 0.0369622
8 0 13 1 0 211.959 0.036778
8 0 14 1 0 360.324 0.036838
8 0 15 1 0 261.835 0.0361715
8 0 16 1 0 342.721 0.0368769
8 0 17 1 0 266.48 0.0361088
8 0 18 1 0 405.846 0.0365364
8 0 19 1 0 232.228 0.0381002
8 0 20 1 0 303.826 0.0379248
8 0 21 1 0 339.263 0.0362089
8 0 22 1 0 284.195 0.0361923
8 0 23 1 0 305.988 0.0363159
#########################################################
# TOF Tdc Down                                          #
#########################################################
8 0 0 1 1 173.58 0.0365074
8 0 1 1 1 151.701 0.036611
8 0 2 1 1 269.545 0.0362781
8 0 3 1 1 125.935 0.0366347
8 0 4 1 1 210.944 0.0369273
8 0 5 1 1 216.638 0.0366
8 0 6 1 1 276.971 0.0364741
8 0 7 1 1 188.359 0.0365111
8 0 8 1 1 178.928 0.0370439
8 0 9 1 1 219.885 0.0365437
8 0 10 1 1 243.817 0.0364671
8 0 11 1 1 214.612 0.0368682
8 0 12 1 1 206.105 0.0368655
8 0 13 1 1 243.225 0.0362682
8 0 14 1 1 251.342 0.0366176
8 0 15 1 1 235.619 0.0362366
8 0 16 1 1 311.494 0.0369205
8 0 17 1 1 320.445 0.0361785
8 0 18 1 1 355.679 0.0363111
8 0 19 1 1 316.247 0.0363229
8 0 20 1 1 297.964 0.0369622
8 0 21 1 1 473.685 0.036778
8 0 22 1 1 308.828 0.036838
8 0 23 1 1 459.311 0.0361715
#########################################################
# LC Tdc Mean                                           #
#########################################################
10 0 0 1 0 483 0.833333
10 0 1 1 0 483 0.833333
10 0 2 1 0 483 0.833333
10 0 3 1 0 483 0.833333
10 0 4 1 0 483 0.833333
10 0 5 1 0 483 0.833333
10 0 6 1 0 483 0.833333
10 0 7 1 0 483 0.833333
10 0 8 1 0 483 0.833333
10 0 9 1 0 483 0.833333
10 0 10 1 0 483 0.833333
10 0 11 1 0 483 0.833333
10 0 12 1 0 483 0.833333
10 0 13 1 0 483 0.833333
10 0 14 1 0 483 0.833333
10 0 15 1 0 483 0.833333
10 0 16 1 0 483 0.833333
10 0 17 1 0 483 0.833333
10 0 18 1 0 483 0.833333
10 0 19 1 0 483 0.833333
10 0 20 1 0 483 0.833333
10 0 21 1 0 483 0.833333
10 0 22 1 0 483 0.833333
10 0 23 1 0 483 0.833333
10 0 24 1 0 483 0.833333
10 0 25 1 0 483 0.833333
10 0 26 1 0 483 0.833333
10 0 27 1 0 483 0.833333
#########################################################
# BFT-U Tdc                                             #
#########################################################
110 0 0 1 0 636 1
110 0 1 1 0 636 1
110 0 2 1 0 636 1
110 0 3 1 0 636 1
110 0 4 1 0 636 1
110 0 5 1 0 636 1
110 0 6 1 0 636 1
110 0 7 1 0 636 1
110 0 8 1 0 636 1
110 0 9 1 0 636 1
110 0 10 1 0 636 1
110 0 11 1 0 636 1
110 0 12 1 0 636 1
110 0 13 1 0 636 1
110 0 14 1 0 636 1
110 0 15 1 0 636 1
110 0 16 1 0 636 1
110 0 17 1 0 636 1
110 0 18 1 0 636 1
110 0 19 1 0 636 1
110 0 20 1 0 636 1
110 0 21 1 0 636 1
110 0 22 1 0 636 1
110 0 23 1 0 636 1
110 0 24 1 0 636 1
110 0 25 1 0 636 1
110 0 26 1 0 636 1
110 0 27 1 0 636 1
110 0 28 1 0 636 1
110 0 29 1 0 636 1
110 0 30 1 0 636 1
110 0 31 1 0 636 1
110 0 32 1 0 636 1
110 0 33 1 0 636 1
110 0 34 1 0 636 1
110 0 35 1 0 636 1
110 0 36 1 0 636 1
110 0 37 1 0 636 1
110 0 38 1 0 636 1
110 0 39 1 0 636 1
110 0 40 1 0 636 1
110 0 41 1 0 636 1
110 0 42 1 0 636 1
110 0 43 1 0 636 1
110 0 44 1 0 636 1
110 0 45 1 0 636 1
110 0 46 1 0 636 1
110 0 47 1 0 636 1
110 0 48 1 0 636 1
110 0 49 1 0 636 1
110 0 50 1 0 636 1
110 0 51 1 0 636 1
110 0 52 1 0 636 1
110 0 53 1 0 636 1
110 0 54 1 0 636 1
110 0 55 1 0 636 1
110 0 56 1 0 636 1
110 0 57 1 0 636 1
110 0 58 1 0 636 1
110 0 59 1 0 636 1
110 0 60 1 0 636 1
110 0 61 1 0 636 1
110 0 62 1 0 636 1
110 0 63 1 0 636 1
110 0 64 1 0 636 1
110 0 65 1 0 636 1
110 0 66 1 0 636 1
110 0 67 1 0 636 1
110 0 68 1 0 636 1
110 0 69 1 0 636 1
110 0 70 1 0 636 1
110 0 71 1 0 636 1
110 0 72 1 0 636 1
110 0 73 1 0 636 1
110 0 74 1 0 636 1
110 0 75 1 0 636 1
110 0 76 1 0 636 1
110 0 77 1 0 636 1
110 0 78 1 0 636 1
110 0 79 1 0 636 1
110 0 80 1 0 636 1
110 0 81 1 0 636 1
110 0 82 1 0 636 1
110 0 83 1 0 636 1
110 0 84 1 0 636 1
110 0 85 1 0 636 1
110 0 86 1 0 636 1
110 0 87 1 0 636 1
110 0 88 1 0 636 1
110 0 89 1 0 636 1
110 0 90 1 0 636 1
110 0 91 1 0 636 1
110 0 92 1 0 636 1
110 0 93 1 0 636 1
110 0 94 1 0 636 1
110 0 95 1 0 636 1
110 0 96 1 0 636 1
110 0 97 1 0 636 1
110 0 98 1 0 636 1
110 0 99 1 0 636 1
110 0 100 1 0 636 1
110 0 101 1 0 636 1
110 0 102 1 0 636 1
110 0 103 1 0 636 1
110 0 104 1 0 636 1
110 0 105 1 0 636 1
110 0 106 1 0 636 1
110 0 107 1 0 636 1
110 0 108 1 0 636 1
110 0 109 1 0 636 1
110 0 110 1 0 636 1
110 0 111 1 0 636 1
110 0 112 1 0 636 1
110 0 113 1 0 636 1
110 0 114 1 0 636 1
110 0 115 1 0 636 1
110 0 116 1 0 636 1
110 0 117 1 0 636 1
110 0 118 1 0 636 1
110 0 119 1 0 636 1
110 0 120 1 0 636 1
110 0 121 1 0 636 1
110 0 122 1 0 636 1
110 0 123 1 0 636 1
110 0 124 1 0 636 1
110 0 125 1 0 636 1
110 0 126 1 0 636 1
110 0 127 1 0 636 1
110 0 128 1 0 636 1
110 0 129 1 0 636 1
110 0 130 1 0 636 1
110 0 131 1 0 636 1
110 0 132 1 0 636 1
110 0 133 1 0 636 1
110 0 134 1 0 636 1
110 0 135 1 0 636 1
110 0 136 1 0 636 1
110 0 137 1 0 636 1
110 0 138 1 0 636 1
110 0 139 1 0 636 1
110 0 140 1 0 636 1
110 0 141 1 0 636 1
110 0 142 1 0 636 1
110 0 143 1 0 636 1
110 0 144 1 0 636 1
110 0 145 1 0 636 1
110 0 146 1 0 636 1
110 0 147 1 0 636 1
110 0 148 1 0 636 1
110 0 149 1 0 636 1
110 0 150 1 0 636 1
110 0 151 1 0 636 1
110 0 152 1 0 636 1
110 0 153 1 0 636 1
110 0 154 1 0 636 1
110 0 155 1 0 636 1
110 0 156 1 0 636 1
110 0 157 1 0 636 1
110 0 158 1 0 636 1
110 0 159 1 0 636 1
#########################################################
# BFT-D Tdc                                             #
#########################################################
110 1 0 1 0 636 1
110 1 1 1 0 636 1
110 1 2 1 0 636 1
110 1 3 1 0 636 1
110 1 4 1 0 636 1
110 1 5 1 0 636 1
110 1 6 1 0 636 1
110 1 7 1 0 636 1
110 1 8 1 0 636 1
110 1 9 1 0 636 1
110 1 10 1 0 636 1
110 1 11 1 0 636 1
110 1 12 1 0 636 1
110 1 13 1 0 636 1
110 1 14 1 0 636 1
110 1 15 1 0 636 1
110 1 16 1 0 636 1
110 1 17 1 0 636 1
110 1 18 1 0 636 1
110 1 19 1 0 636 1
110 1 20 1 0 636 1
110 1 21 1 0 636 1
110 1 22 1 0 636 1
110 1 23 1 0 636 1
110 1 24 1 0 636 1
110 1 25 1 0 636 1
110 1 26 1 0 636 1
110 1 27 1 0 636 1
110 1 28 1 0 636 1
110 1 29 1 0 636 1
110 1 30 1 0 636 1
110 1 31 1 0 636 1
110 1 32 1 0 636 1
110 1 33 1 0 636 1
110 1 34 1 0 636 1
110 1 35 1 0 636 1
110 1 36 1 0 636 1
110 1 37 1 0 636 1
110 1 38 1 0 636 1
110 1 39 1 0 636 1
110 1 40 1 0 636 1
110 1 41 1 0 636 1
110 1 42 1 0 636 1
110 1 43 1 0 636 1
110 1 44 1 0 636 1
110 1 45 1 0 636 1
110 1 46 1 0 636 1
110 1 47 1 0 636 1
110 1 48 1 0 636 1
110 1 49 1 0 636 1
110 1 50 1 0 636 1
110 1 51 1 0 636 1
110 1 52 1 0 636 1
110 1 53 1 0 636 1
110 1 54 1 0 636 1
110 1 55 1 0 636 1
110 1 56 1 0 636 1
110 1 57 1 0 636 1
110 1 58 1 0 636 1
110 1 59 1 0 636 1
110 1 60 1 0 636 1
110 1 61 1 0 636 1
110 1 62 1 0 636 1
110 1 63 1 0 636 1
110 1 64 1 0 636 1
110 1 65 1 0 636 1
110 1 66 1 0 636 1
110 1 67 1 0 636 1
110 1 68 1 0 636 1
110 1 69 1 0 636 1
110 1 70 1 0 636 1
110 1 71 1 0 636 1
110 1 72 1 0 636 1
110 1 73 1 0 636 1
110 1 74 1 0 636 1
110 1 75 1 0 636 1
110 1 76 1 0 636 1
110 1 77 1 0 636 1
110 1 78 1 0 636 1
110 1 79 1 0 636 1
110 1 80 1 0 636 1
110 1 81 1 0 636 1
110 1 82 1 0 636 1
110 1 83 1 0 636 1
110 1 84 1 0 636 1
110 1 85 1 0 636 1
110 1 86 1 0 636 1
110 1 87 1 0 636 1
110 1 88 1 0 636 1
110 1 89 1 0 636 1
110 1 90 1 0 636 1
110 1 91 1 0 636 1
110 1 92 1 0 636 1
110 1 93 1 0 636 1
110 1 94 1 0 636 1
110 1 95 1 0 636 1
110 1 96 1 0 636 1
110 1 97 1 0 636 1
110 1 98 1 0 636 1
110 1 99 1 0 636 1
110 1 100 1 0 636 1
110 1 101 1 0 636 1
110 1 102 1 0 636 1
110 1 103 1 0 636 1
110 1 104 1 0 636 1
110 1 105 1 0 636 1
110 1 106 1 0 636 1
110 1 107 1 0 636 1
110 1 108 1 0 636 1
110 1 109 1 0 636 1
110 1 110 1 0 636 1
110 1 111 1 0 636 1
110 1 112 1 0 636 1
110 1 113 1 0 636 1
110 1 114 1 0 636 1
110 1 115 1 0 636 1
110 1 116 1 0 636 1
110 1 117 1 0 636 1
110 1 118 1 0 636 1
110 1 119 1 0 636 1
110 1 120 1 0 636 1
110 1 121 1 0 636 1
110 1 122 1 0 636 1
110 1 123 1 0 636 1
110 1 124 1 0 636 1
110 1 125 1 0 636 1
110 1 126 1 0 636 1
110 1 127 1 0 636 1
110 1 128 1 0 636 1
110 1 129 1 0 636 1
110 1 130 1 0 636 1
110 1 131 1 0 636 1
110 1 132 1 0 636 1
110 1 133 1 0 636 1
110 1 134 1 0 636 1
110 1 135 1 0 636 1
110 1 136 1 0 636 1
110 1 137 1 0 636 1
110 1 138 1 0 636 1
110 1 139 1 0 636 1
110 1 140 1 0 636 1
110 1 141 1 0 636 1
110 1 142 1 0 636 1
110 1 143 1 0 636 1
110 1 144 1 0 636 1
110 1 145 1 0 636 1
110 1 146 1 0 636 1
110 1 147 1 0 636 1
110 1 148 1 0 636 1
110 1 149 1 0 636 1
110 1 150 1 0 636 1
110 1 151 1 0 636 1
110 1 152 1 0 636 1
110 1 153 1 0 636 1
110 1 154 1 0 636 1
110 1 155 1 0 636 1
110 1 156 1 0 636 1
110 1 157 1 0 636 1
110 1 158 1 0 636 1
110 1 159 1 0 636 1
#########################################################
# SFT-U Tdc                                             #
#########################################################
111 0 0 1 0 544.5 0.8333
111 0 1 1 0 544.5 0.8333
111 0 2 1 0 544.5 0.8333
111 0 3 1 0 544.5 0.8333
111 0 4 1 0 544.5 0.8333
111 0 5 1 0 544.5 0.8333
111 0 6 1 0 544.5 0.8333
111 0 7 1 0 544.5 0.8333
111 0 8 1 0 544.5 0.8333
111 0 9 1 0 544.5 0.8333
111 0 10 1 0 544.5 0.8333
111 0 11 1 0 544.5 0.8333
111 0 12 1 0 544.5 0.8333
111 0 13 1 0 544.5 0.8333
111 0 14 1 0 544.5 0.8333
111 0 15 1 0 544.5 0.8333
111 0 16 1 0 544.5 0.8333
111 0 17 1 0 544.5 0.8333
111 0 18 1 0 544.5 0.8333
111 0 19 1 0 544.5 0.8333
111 0 20 1 0 544.5 0.8333
111 0 21 1 0 544.5 0.8333
111 0 22 1 0 544.5 0.8333
111 0 23 1 0 544.5 0.8333
111 0 24 1 0 544.5 0.8333
111 0 25 1 0 544.5 0.8333
111 0 26 1 0 544.5 0.8333
111 0 27 1 0 544.5 0.8333
111 0 28 1 0 544.5 0.8333
111 0 29 1 0 544.5 0.8333
111 0 30 1 0 544.5 0.8333
111 0 31 1 0 544.5 0.8333
111 0 32 1 0 544.5 0.8333
111 0 33 1 0 544.5 0.8333
111 0 34 1 0 544.5 0.8333
111 0 35 1 0 544.5 0.8333
111 0 36 1 0 544.5 0.8333
111 0 37 1 0 544.5 0.8333
111 0 38 1 0 544.5 0.8333
111 0 39 1 0 544.5 0.8333
111 0 40 1 0 544.5 0.8333
111 0 41 1 0 544.5 0.8333
111 0 42 1 0 544.5 0.8333
111 0 43 1 0 544.5 0.8333
111 0 44 1 0 544.5 0.8333
111 0 45 1 0 544.5 0.8333
111 0 46 1 0 544.5 0.8333
111 0 47 1 0 544.5 0.8333
111 0 48 1 0 544.5 0.8333
111 0 49 1 0 544.5 0.8333
111 0 50 1 0 544.5 0.8333
111 0 51 1 0 544.5 0.8333
111 0 52 1 0 544.5 0.8333
111 0 53 1 0 544.5 0.8333
111 0 54 1 0 544.5 0.8333
111 0 55 1 0 544.5 0.8333
111 0 56 1 0 544.5 0.8333
111 0 57 1 0 544.5 0.8333
111 0 58 1 0 544.5 0.8333
111 0 59 1 0 544.5 0.8333
111 0 60 1 0 544.5 0.8333
111 0 61 1 0 544.5 0.8333
111 0 62 1 0 544.5 0.8333
111 0 63 1 0 544.5 0.8333
111 0 64 1 0 544.5 0.8333
111 0 65 1 0 544.5 0.8333
111 0 66 1 0 544.5 0.8333
111 0 67 1 0 544.5 0.8333
111 0 68 1 0 544.5 0.8333
111 0 69 1 0 544.5 0.8333
111 0 70 1 0 544.5 0.8333
111 0 71 1 0 544.5 0.8333
111 0 72 1 0 544.5 0.8333
111 0 73 1 0 544.5 0.8333
111 0 74 1 0 544.5 0.8333
111 0 75 1 0 544.5 0.8333
111 0 76 1 0 544.5 0.8333
111 0 77 1 0 544.5 0.8333
111 0 78 1 0 544.5 0.8333
111 0 79 1 0 544.5 0.8333
111 0 80 1 0 544.5 0.8333
111 0 81 1 0 544.5 0.8333
111 0 82 1 0 544.5 0.8333
111 0 83 1 0 544.5 0.8333
111 0 84 1 0 544.5 0.8333
111 0 85 1 0 544.5 0.8333
111 0 86 1 0 544.5 0.8333
111 0 87 1 0 544.5 0.8333
111 0 88 1 0 544.5 0.8333
111 0 89 1 0 544.5 0.8333
111 0 90 1 0 544.5 0.8333
111 0 91 1 0 544.5 0.8333
111 0 92 1 0 544.5 0.8333
111 0 93 1 0 544.5 0.8333
111 0 94 1 0 544.5 0.8333
111 0 95 1 0 544.5 0.8333
111 0 96 1 0 544.5 0.8333
111 0 97 1 0 544.5 0.8333
111 0 98 1 0 544.5 0.8333
111 0 99 1 0 544.5 0.8333
111 0 100 1 0 544.5 0.8333
111 0 101 1 0 544.5 0.8333
111 0 102 1 0 544.5 0.8333
111 0 103 1 0 544.5 0.8333
111 0 104 1 0 544.5 0.8333
111 0 105 1 0 544.5 0.8333
111 0 106 1 0 544.5 0.8333
111 0 107 1 0 544.5 0.8333
111 0 108 1 0 544.5 0.8333
111 0 109 1 0 544.5 0.8333
111 0 110 1 0 544.5 0.8333
111 0 111 1 0 544.5 0.8333
111 0 112 1 0 544.5 0.8333
111 0 113 1 0 544.5 0.8333
111 0 114 1 0 544.5 0.8333
111 0 115 1 0 544.5 0.8333
111 0 116 1 0 544.5 0.8333
111 0 117 1 0 544.5 0.8333
111 0 118 1 0 544.5 0.8333
111 0 119 1 0 544.5 0.8333
111 0 120 1 0 544.5 0.8333
111 0 121 1 0 544.5 0.8333
111 0 122 1 0 544.5 0.8333
111 0 123 1 0 544.5 0.8333
111 0 124 1 0 544.5 0.8333
111 0 125 1 0 544.5 0.8333
111 0 126 1 0 544.5 0.8333
111 0 127 1 0 544.5 0.8333
111 0 128 1 0 544.5 0.8333
111 0 129 1 0 544.5 0.8333
111 0 130 1 0 544.5 0.8333
111 0 131 1 0 544.5 0.8333
111 0 132 1 0 544.5 0.8333
111 0 133 1 0 544.5 0.8333
111 0 134 1 0 544.5 0.8333
111 0 135 1 0 544.5 0.8333
111 0 136 1 0 544.5 0.8333
111 0 137 1 0 544.5 0.8333
111 0 138 1 0 544.5 0.8333
111 0 139 1 0 544.5 0.8333
111 0 140 1 0 544.5 0.8333
111 0 141 1 0 544.5 0.8333
111 0 142 1 0 544.5 0.8333
111 0 143 1 0 544.5 0.8333
111 0 144 1 0 544.5 0.8333
111 0 145 1 0 544.5 0.8333
111 0 146 1 0 544.5 0.8333
111 0 147 1 0 544.5 0.8333
111 0 148 1 0 544.5 0.8333
111 0 149 1 0 544.5 0.8333
111 0 150 1 0 544.5 0.8333
111 0 151 1 0 544.5 0.8333
111 0 152 1 0 544.5 0.8333
111 0 153 1 0 544.5 0.8333
111 0 154 1 0 544.5 0.8333
111 0 155 1 0 544.5 0.8333
111 0 156 1 0 544.5 0.8333
111 0 157 1 0 544.5 0.8333
111 0 158 1 0 544.5 0.8333
111 0 159 1 0 544.5 0.8333
111 0 160 1 0 544.5 0.8333
111 0 161 1 0 544.5 0.8333
111 0 162 1 0 544.5 0.8333
111 0 163 1 0 544.5 0.8333
111 0 164 1 0 544.5 0.8333
111 0 165 1 0 544.5 0.8333
111 0 166 1 0 544.5 0.8333
111 0 167 1 0 544.5 0.8333
111 0 168 1 0 544.5 0.8333
111 0 169 1 0 544.5 0.8333
111 0 170 1 0 544.5 0.8333
111 0 171 1 0 544.5 0.8333
111 0 172 1 0 544.5 0.8333
111 0 173 1 0 544.5 0.8333
111 0 174 1 0 544.5 0.8333
111 0 175 1 0 544.5 0.8333
111 0 176 1 0 544.5 0.8333
111 0 177 1 0 544.5 0.8333
111 0 178 1 0 544.5 0.8333
111 0 179 1 0 544.5 0.8333
111 0 180 1 0 544.5 0.8333
111 0 181 1 0 544.5 0.8333
111 0 182 1 0 544.5 0.8333
111 0 183 1 0 544.5 0.8333
111 0 184 1 0 544.5 0.8333
111 0 185 1 0 544.5 0.8333
111 0 186 1 0 544.5 0.8333
111 0 187 1 0 544.5 0.8333
111 0 188 1 0 544.5 0.8333
111 0 189 1 0 544.5 0.8333
111 0 190 1 0 544.5 0.8333
111 0 191 1 0 544.5 0.8333
111 0 192 1 0 544.5 0.8333
111 0 193 1 0 544.5 0.8333
111 0 194 1 0 544.5 0.8333
111 0 195 1 0 544.5 0.8333
111 0 196 1 0 544.5 0.8333
111 0 197 1 0 544.5 0.8333
111 0 198 1 0 544.5 0.8333
111 0 199 1 0 544.5 0.8333
111 0 200 1 0 544.5 0.8333
111 0 201 1 0 544.5 0.8333
111 0 202 1 0 544.5 0.8333
111 0 203 1 0 544.5 0.8333
111 0 204 1 0 544.5 0.8333
111 0 205 1 0 544.5 0.8333
111 0 206 1 0 544.5 0.8333
111 0 207 1 0 544.5 0.8333
111 0 208 1 0 544.5 0.8333
111 0 209 1 0 544.5 0.8333
111 0 210 1 0 544.5 0.8333
111 0 211 1 0 544.5 0.8333
111 0 212 1 0 544.5 0.8333
111 0 213 1 0 544.5 0.8333
111 0 214 1 0 544.5 0.8333
111 0 215 1 0 544.5 0.8333
111 0 216 1 0 544.5 0.8333
111 0 217 1 0 544.5 0.8333
111 0 218 1 0 544.5 0.8333
111 0 219 1 0 544.5 0.8333
111 0 220 1 0 544.5 0.8333
111 0 221 1 0 544.5 0.8333
111 0 222 1 0 544.5 0.8333
111 0 223 1 0 544.5 0.8333
111 0 224 1 0 544.5 0.8333
111 0 225 1 0 544.5 0.8333
111 0 226 1 0 544.5 0.8333
111 0 227 1 0 544.5 0.8333
111 0 228 1 0 544.5 0.8333
111 0 229 1 0 544.5 0.8333
111 0 230 1 0 544.5 0.8333
111 0 231 1 0 544.5 0.8333
111 0 232 1 0 544.5 0.8333
111 0 233 1 0 544.5 0.8333
111 0 234 1 0 544.5 0.8333
111 0 235 1 0 544.5 0.8333
111 0 236 1 0 544.5 0.8333
111 0 237 1 0 544.5 0.8333
111 0 238 1 0 544.5 0.8333
111 0 239 1 0 544.5 0.8333
111 0 240 1 0 544.5 0.8333
111 0 241 1 0 544.5 0.8333
111 0 242 1 0 544.5 0.8333
111 0 243 1 0 544.5 0.8333
111 0 244 1 0 544.5 0.8333
111 0 245 1 0 544.5 0.8333
111 0 246 1 0 544.5 0.8333
111 0 247 1 0 544.5 0.8333
111 0 248 1 0 544.5 0.8333
111 0 249 1 0 544.5 0.8333
111 0 250 1 0 544.5 0.8333
111 0 251 1 0 544.5 0.8333
111 0 252 1 0 544.5 0.8333
111 0 253 1 0 544.5 0.8333
111 0 254 1 0 544.5 0.8333
111 0 255 1 0 544.5 0.8333
111 0 256 1 0 544.5 0.8333
111 0 257 1 0 544.5 0.8333
111 0 258 1 0 544.5 0.8333
111 0 259 1 0 544.5 0.8333
111 0 260 1 0 544.5 0.8333
111 0 261 1 0 544.5 0.8333
111 0 262 1 0 544.5 0.8333
111 0 263 1 0 544.5 0.8333
111 0 264 1 0 544.5 0.8333
111 0 265 1 0 544.5 0.8333
111 0 266 1 0 544.5 0.8333
111 0 267 1 0 544.5 0.8333
111 0 268 1 0 544.5 0.8333
111 0 269 1 0 544.5 0.8333
111 0 270 1 0 544.5 0.8333
111 0 271 1 0 544.5 0.8333
111 0 272 1 0 544.5 0.8333
111 0 273 1 0 544.5 0.8333
111 0 274 1 0 544.5 0.8333
111 0 275 1 0 544.5 0.8333
111 0 276 1 0 544.5 0.8333
111 0 277 1 0 544.5 0.8333
111 0 278 1 0 544.5 0.8333
111 0 279 1 0 544.5 0.8333
111 0 280 1 0 544.5 0.8333
111 0 281 1 0 544.5 0.8333
111 0 282 1 0 544.5 0.8333
111 0 283 1 0 544.5 0.8333
111 0 284 1 0 544.5 0.8333
111 0 285 1 0 544.5 0.8333
111 0 286 1 0 544.5 0.8333
111 0 287 1 0 544.5 0.8333
111 0 288 1 0 544.5 0.8333
111 0 289 1 0 544.5 0.8333
111 0 290 1 0 544.5 0.8333
111 0 291 1 0 544.5 0.8333
111 0 292 1 0 544.5 0.8333
111 0 293 1 0 544.5 0.8333
111 0 294 1 0 544.5 0.8333
111 0 295 1 0 544.5 0.8333
111 0 296 1 0 544.5 0.8333
111 0 297 1 0 544.5 0.8333
111 0 298 1 0 544.5 0.8333
111 0 299 1 0 544.5 0.8333
111 0 300 1 0 544.5 0.8333
111 0 301 1 0 544.5 0.8333
111 0 302 1 0 544.5 0.8333
111 0 303 1 0 544.5 0.8333
111 0 304 1 0 544.5 0.8333
111 0 305 1 0 544.5 0.8333
111 0 306 1 0 544.5 0.8333
111 0 307 1 0 544.5 0.8333
111 0 308 1 0 544.5 0.8333
111 0 309 1 0 544.5 0.8333
111 0 310 1 0 544.5 0.8333
111 0 311 1 0 544.5 0.8333
111 0 312 1 0 544.5 0.8333
111 0 313 1 0 544.5 0.8333
111 0 314 1 0 544.5 0.8333
111 0 315 1 0 544.5 0.8333
111 0 316 1 0 544.5 0.8333
111 0 317 1 0 544.5 0.8333
111 0 318 1 0 544.5 0.8333
111 0 319 1 0 544.5 0.8333
#########################################################
# SFT-V Tdc                                             #
#########################################################
111 1 0 1 0 544.5 0.8333
111 1 1 1 0 544.5 0.8333
111 1 2 1 0 544.5 0.8333
111 1 3 1 0 544.5 0.8333
111 1 4 1 0 544.5 0.8333
111 1 5 1 0 544.5 0.8333
111 1 6 1 0 544.5 0.8333
111 1 7 1 0 544.5 0.8333
111 1 8 1 0 544.5 0.8333
111 1 9 1 0 544.5 0.8333
111 1 10 1 0 544.5 0.8333
111 1 11 1 0 544.5 0.8333
111 1 12 1 0 544.5 0.8333
111 1 13 1 0 544.5 0.8333
111 1 14 1 0 544.5 0.8333
111 1 15 1 0 544.5 0.8333
111 1 16 1 0 544.5 0.8333
111 1 17 1 0 544.5 0.8333
111 1 18 1 0 544.5 0.8333
111 1 19 1 0 544.5 0.8333
111 1 20 1 0 544.5 0.8333
111 1 21 1 0 544.5 0.8333
111 1 22 1 0 544.5 0.8333
111 1 23 1 0 544.5 0.8333
111 1 24 1 0 544.5 0.8333
111 1 25 1 0 544.5 0.8333
111 1 26 1 0 544.5 0.8333
111 1 27 1 0 544.5 0.8333
111 1 28 1 0 544.5 0.8333
111 1 29 1 0 544.5 0.8333
111 1 30 1 0 544.5 0.8333
111 1 31 1 0 544.5 0.8333
111 1 32 1 0 544.5 0.8333
111 1 33 1 0 544.5 0.8333
111 1 34 1 0 544.5 0.8333
111 1 35 1 0 544.5 0.8333
111 1 36 1 0 544.5 0.8333
111 1 37 1 0 544.5 0.8333
111 1 38 1 0 544.5 0.8333
111 1 39 1 0 544.5 0.8333
111 1 40 1 0 544.5 0.8333
111 1 41 1 0 544.5 0.8333
111 1 42 1 0 544.5 0.8333
111 1 43 1 0 544.5 0.8333
111 1 44 1 0 544.5 0.8333
111 1 45 1 0 544.5 0.8333
111 1 46 1 0 544.5 0.8333
111 1 47 1 0 544.5 0.8333
111 1 48 1 0 544.5 0.8333
111 1 49 1 0 544.5 0.8333
111 1 50 1 0 544.5 0.8333
111 1 51 1 0 544.5 0.8333
111 1 52 1 0 544.5 0.8333
111 1 53 1 0 544.5 0.8333
111 1 54 1 0 544.5 0.8333
111 1 55 1 0 544.5 0.8333
111 1 56 1 0 544.5 0.8333
111 1 57 1 0 544.5 0.8333
111 1 58 1 0 544.5 0.8333
111 1 59 1 0 544.5 0.8333
111 1 60 1 0 544.5 0.8333
111 1 61 1 0 544.5 0.8333
111 1 62 1 0 544.5 0.8333
111 1 63 1 0 544.5 0.8333
111 1 64 1 0 544.5 0.8333
111 1 65 1 0 544.5 0.8333
111 1 66 1 0 544.5 0.8333
111 1 67 1 0 544.5 0.8333
111 1 68 1 0 544.5 0.8333
111 1 69 1 0 544.5 0.8333
111 1 70 1 0 544.5 0.8333
111 1 71 1 0 544.5 0.8333
111 1 72 1 0 544.5 0.8333
111 1 73 1 0 544.5 0.8333
111 1 74 1 0 544.5 0.8333
111 1 75 1 0 544.5 0.8333
111 1 76 1 0 544.5 0.8333
111 1 77 1 0 544.5 0.8333
111 1 78 1 0 544.5 0.8333
111 1 79 1 0 544.5 0.8333
111 1 80 1 0 544.5 0.8333
111 1 81 1 0 544.5 0.8333
111 1 82 1 0 544.5 0.8333
111 1 83 1 0 544.5 0.8333
111 1 84 1 0 544.5 0.8333
111 1 85 1 0 544.5 0.8333
111 1 86 1 0 544.5 0.8333
111 1 87 1 0 544.5 0.8333
111 1 88 1 0 544.5 0.8333
111 1 89 1 0 544.5 0.8333
111 1 90 1 0 544.5 0.8333
111 1 91 1 0 544.5 0.8333
111 1 92 1 0 544.5 0.8333
111 1 93 1 0 544.5 0.8333
111 1 94 1 0 544.5 0.8333
111 1 95 1 0 544.5 0.8333
111 1 96 1 0 544.5 0.8333
111 1 97 1 0 544.5 0.8333
111 1 98 1 0 544.5 0.8333
111 1 99 1 0 544.5 0.8333
111 1 100 1 0 544.5 0.8333
111 1 101 1 0 544.5 0.8333
111 1 102 1 0 544.5 0.8333
111 1 103 1 0 544.5 0.8333
111 1 104 1 0 544.5 0.8333
111 1 105 1 0 544.5 0.8333
111 1 106 1 0 544.5 0.8333
111 1 107 1 0 544.5 0.8333
111 1 108 1 0 544.5 0.8333
111 1 109 1 0 544.5 0.8333
111 1 110 1 0 544.5 0.8333
111 1 111 1 0 544.5 0.8333
111 1 112 1 0 544.5 0.8333
111 1 113 1 0 544.5 0.8333
111 1 114 1 0 544.5 0.8333
111 1 115 1 0 544.5 0.8333
111 1 116 1 0 544.5 0.8333
111 1 117 1 0 544.5 0.8333
111 1 118 1 0 544.5 0.8333
111 1 119 1 0 544.5 0.8333
111 1 120 1 0 544.5 0.8333
111 1 121 1 0 544.5 0.8333
111 1 122 1 0 544.5 0.8333
111 1 123 1 0 544.5 0.8333
111 1 124 1 0 544.5 0.8333
111 1 125 1 0 544.5 0.8333
111 1 126 1 0 544.5 0.8333
111 1 127 1 0 544.5 0.8333
111 1 128 1 0 544.5 0.8333
111 1 129 1 0 544.5 0.8333
111 1 130 1 0 544.5 0.8333
111 1 131 1 0 544.5 0.8333
111 1 132 1 0 544.5 0.8333
111 1 133 1 0 544.5 0.8333
111 1 134 1 0 544.5 0.8333
111 1 135 1 0 544.5 0.8333
111 1 136 1 0 544.5 0.8333
111 1 137 1 0 544.5 0.8333
111 1 138 1 0 544.5 0.8333
111 1 139 1 0 544.5 0.8333
111 1 140 1 0 544.5 0.8333
111 1 141 1 0 544.5 0.8333
111 1 142 1 0 544.5 0.8333
111 1 143 1 0 544.5 0.8333
111 1 144 1 0 544.5 0.8333
111 1 145 1 0 544.5 0.8333
111 1 146 1 0 544.5 0.8333
111 1 147 1 0 544.5 0.8333
111 1 148 1 0 544.5 0.8333
111 1 149 1 0 544.5 0.8333
111 1 150 1 0 544.5 0.8333
111 1 151 1 0 544.5 0.8333
111 1 152 1 0 544.5 0.8333
111 1 153 1 0 544.5 0.8333
111 1 154 1 0 544.5 0.8333
111 1 155 1 0 544.5 0.8333
111 1 156 1 0 544.5 0.8333
111 1 157 1 0 544.5 0.8333
111 1 158 1 0 544.5 0.8333
111 1 159 1 0 544.5 0.8333
111 1 160 1 0 544.5 0.8333
111 1 161 1 0 544.5 0.8333
111 1 162 1 0 544.5 0.8333
111 1 163 1 0 544.5 0.8333
111 1 164 1 0 544.5 0.8333
111 1 165 1 0 544.5 0.8333
111 1 166 1 0 544.5 0.8333
111 1 167 1 0 544.5 0.8333
111 1 168 1 0 544.5 0.8333
111 1 169 1 0 544.5 0.8333
111 1 170 1 0 544.5 0.8333
111 1 171 1 0 544.5 0.8333
111 1 172 1 0 544.5 0.8333
111 1 173 1 0 544.5 0.8333
111 1 174 1 0 544.5 0.8333
111 1 175 1 0 544.5 0.8333
111 1 176 1 0 544.5 0.8333
111 1 177 1 0 544.5 0.8333
111 1 178 1 0 544.5 0.8333
111 1 179 1 0 544.5 0.8333
111 1 180 1 0 544.5 0.8333
111 1 181 1 0 544.5 0.8333
111 1 182 1 0 544.5 0.8333
111 1 183 1 0 544.5 0.8333
111 1 184 1 0 544.5 0.8333
111 1 185 1 0 544.5 0.8333
111 1 186 1 0 544.5 0.8333
111 1 187 1 0 544.5 0.8333
111 1 188 1 0 544.5 0.8333
111 1 189 1 0 544.5 0.8333
111 1 190 1 0 544.5 0.8333
111 1 191 1 0 544.5 0.8333
111 1 192 1 0 544.5 0.8333
111 1 193 1 0 544.5 0.8333
111 1 194 1 0 544.5 0.8333
111 1 195 1 0 544.5 0.8333
111 1 196 1 0 544.5 0.8333
111 1 197 1 0 544.5 0.8333
111 1 198 1 0 544.5 0.8333
111 1 199 1 0 544.5 0.8333
111 1 200 1 0 544.5 0.8333
111 1 201 1 0 544.5 0.8333
111 1 202 1 0 544.5 0.8333
111 1 203 1 0 544.5 0.8333
111 1 204 1 0 544.5 0.8333
111 1 205 1 0 544.5 0.8333
111 1 206 1 0 544.5 0.8333
111 1 207 1 0 544.5 0.8333
111 1 208 1 0 544.5 0.8333
111 1 209 1 0 544.5 0.8333
111 1 210 1 0 544.5 0.8333
111 1 211 1 0 544.5 0.8333
111 1 212 1 0 544.5 0.8333
111 1 213 1 0 544.5 0.8333
111 1 214 1 0 544.5 0.8333
111 1 215 1 0 544.5 0.8333
111 1 216 1 0 544.5 0.8333
111 1 217 1 0 544.5 0.8333
111 1 218 1 0 544.5 0.8333
111 1 219 1 0 544.5 0.8333
111 1 220 1 0 544.5 0.8333
111 1 221 1 0 544.5 0.8333
111 1 222 1 0 544.5 0.8333
111 1 223 1 0 544.5 0.8333
111 1 224 1 0 544.5 0.8333
111 1 225 1 0 544.5 0.8333
111 1 226 1 0 544.5 0.8333
111 1 227 1 0 544.5 0.8333
111 1 228 1 0 544.5 0.8333
111 1 229 1 0 544.5 0.8333
111 1 230 1 0 544.5 0.8333
111 1 231 1 0 544.5 0.8333
111 1 232 1 0 544.5 0.8333
111 1 233 1 0 544.5 0.8333
111 1 234 1 0 544.5 0.8333
111 1 235 1 0 544.5 0.8333
111 1 236 1 0 544.5 0.8333
111 1 237 1 0 544.5 0.8333
111 1 238 1 0 544.5 0.8333
111 1 239 1 0 544.5 0.8333
111 1 240 1 0 544.5 0.8333
111 1 241 1 0 544.5 0.8333
111 1 242 1 0 544.5 0.8333
111 1 243 1 0 544.5 0.8333
111 1 244 1 0 544.5 0.8333
111 1 245 1 0 544.5 0.8333
111 1 246 1 0 544.5 0.8333
111 1 247 1 0 544.5 0.8333
111 1 248 1 0 544.5 0.8333
111 1 249 1 0 544.5 0.8333
111 1 250 1 0 544.5 0.8333
111 1 251 1 0 544.5 0.8333
111 1 252 1 0 544.5 0.8333
111 1 253 1 0 544.5 0.8333
111 1 254 1 0 544.5 0.8333
111 1 255 1 0 544.5 0.8333
111 1 256 1 0 544.5 0.8333
111 1 257 1 0 544.5 0.8333
111 1 258 1 0 544.5 0.8333
111 1 259 1 0 544.5 0.8333
111 1 260 1 0 544.5 0.8333
111 1 261 1 0 544.5 0.8333
111 1 262 1 0 544.5 0.8333
111 1 263 1 0 544.5 0.8333
111 1 264 1 0 544.5 0.8333
111 1 265 1 0 544.5 0.8333
111 1 266 1 0 544.5 0.8333
111 1 267 1 0 544.5 0.8333
111 1 268 1 0 544.5 0.8333
111 1 269 1 0 544.5 0.8333
111 1 270 1 0 544.5 0.8333
111 1 271 1 0 544.5 0.8333
111 1 272 1 0 544.5 0.8333
111 1 273 1 0 544.5 0.8333
111 1 274 1 0 544.5 0.8333
111 1 275 1 0 544.5 0.8333
111 1 276 1 0 544.5 0.8333
111 1 277 1 0 544.5 0.8333
111 1 278 1 0 544.5 0.8333
111 1 279 1 0 544.5 0.8333
111 1 280 1 0 544.5 0.8333
111 1 281 1 0 544.5 0.8333
111 1 282 1 0 544.5 0.8333
111 1 283 1 0 544.5 0.8333
111 1 284 1 0 544.5 0.8333
111 1 285 1 0 544.5 0.8333
111 1 286 1 0 544.5 0.8333
111 1 287 1 0 544.5 0.8333
111 1 288 1 0 544.5 0.8333
111 1 289 1 0 544.5 0.8333
111 1 290 1 0 544.5 0.8333
111 1 291 1 0 544.5 0.8333
111 1 292 1 0 544.5 0.8333
111 1 293 1 0 544.5 0.8333
111 1 294 1 0 544.5 0.8333
111 1 295 1 0 544.5 0.8333
111 1 296 1 0 544.5 0.8333
111 1 297 1 0 544.5 0.8333
111 1 298 1 0 544.5 0.8333
111 1 299 1 0 544.5 0.8333
111 1 300 1 0 544.5 0.8333
111 1 301 1 0 544.5 0.8333
111 1 302 1 0 544.5 0.8333
111 1 303 1 0 544.5 0.8333
111 1 304 1 0 544.5 0.8333
111 1 305 1 0 544.5 0.8333
111 1 306 1 0 544.5 0.8333
111 1 307 1 0 544.5 0.8333
111 1 308 1 0 544.5 0.8333
111 1 309 1 0 544.5 0.8333
111 1 310 1 0 544.5 0.8333
111 1 311 1 0 544.5 0.8333
111 1 312 1 0 544.5 0.8333
111 1 313 1 0 544.5 0.8333
111 1 314 1 0 544.5 0.8333
111 1 315 1 0 544.5 0.8333
111 1 316 1 0 544.5 0.8333
111 1 317 1 0 544.5 0.8333
111 1 318 1 0 544.5 0.8333
111 1 319 1 0 544.5 0.8333
#########################################################
# SFT-X Tdc                                             #
#########################################################
111 2 0 1 0 544.5 0.8333
111 2 1 1 0 544.5 0.8333
111 2 2 1 0 544.5 0.8333
111 2 3 1 0 544.5 0.8333
111 2 4 1 0 544.5 0.8333
111 2 5 1 0 544.5 0.8333
111 2 6 1 0 544.5 0.8333
111 2 7 1 0 544.5 0.8333
111 2 8 1 0 544.5 0.8333
111 2 9 1 0 544.5 0.8333
111 2 10 1 0 544.5 0.8333
111 2 11 1 0 544.5 0.8333
111 2 12 1 0 544.5 0.8333
111 2 13 1 0 544.5 0.8333
111 2 14 1 0 544.5 0.8333
111 2 15 1 0 544.5 0.8333
111 2 16 1 0 544.5 0.8333
111 2 17 1 0 544.5 0.8333
111 2 18 1 0 544.5 0.8333
111 2 19 1 0 544.5 0.8333
111 2 20 1 0 544.5 0.8333
111 2 21 1 0 544.5 0.8333
111 2 22 1 0 544.5 0.8333
111 2 23 1 0 544.5 0.8333
111 2 24 1 0 544.5 0.8333
111 2 25 1 0 544.5 0.8333
111 2 26 1 0 544.5 0.8333
111 2 27 1 0 544.5 0.8333
111 2 28 1 0 544.5 0.8333
111 2 29 1 0 544.5 0.8333
111 2 30 1 0 544.5 0.8333
111 2 31 1 0 544.5 0.8333
111 2 32 1 0 544.5 0.8333
111 2 33 1 0 544.5 0.8333
111 2 34 1 0 544.5 0.8333
111 2 35 1 0 544.5 0.8333
111 2 36 1 0 544.5 0.8333
111 2 37 1 0 544.5 0.8333
111 2 38 1 0 544.5 0.8333
111 2 39 1 0 544.5 0.8333
111 2 40 1 0 544.5 0.8333
111 2 41 1 0 544.5 0.8333
111 2 42 1 0 544.5 0.8333
111 2 43 1 0 544.5 0.8333
111 2 44 1 0 544.5 0.8333
111 2 45 1 0 544.5 0.8333
111 2 46 1 0 544.5 0.8333
111 2 47 1 0 544.5 0.8333
111 2 48 1 0 544.5 0.8333
111 2 49 1 0 544.5 0.8333
111 2 50 1 0 544.5 0.8333
111 2 51 1 0 544.5 0.8333
111 2 52 1 0 544.5 0.8333
111 2 53 1 0 544.5 0.8333
111 2 54 1 0 544.5 0.8333
111 2 55 1 0 544.5 0.8333
111 2 56 1 0 544.5 0.8333
111 2 57 1 0 544.5 0.8333
111 2 58 1 0 544.5 0.8333
111 2 59 1 0 544.5 0.8333
111 2 60 1 0 544.5 0.8333
111 2 61 1 0 544.5 0.8333
111 2 62 1 0 544.5 0.8333
111 2 63 1 0 544.5 0.8333
111 2 64 1 0 544.5 0.8333
111 2 65 1 0 544.5 0.8333
111 2 66 1 0 544.5 0.8333
111 2 67 1 0 544.5 0.8333
111 2 68 1 0 544.5 0.8333
111 2 69 1 0 544.5 0.8333
111 2 70 1 0 544.5 0.8333
111 2 71 1 0 544.5 0.8333
111 2 72 1 0 544.5 0.8333
111 2 73 1 0 544.5 0.8333
111 2 74 1 0 544.5 0.8333
111 2 75 1 0 544.5 0.8333
111 2 76 1 0 544.5 0.8333
111 2 77 1 0 544.5 0.8333
111 2 78 1 0 544.5 0.8333
111 2 79 1 0 544.5 0.8333
111 2 80 1 0 544.5 0.8333
111 2 81 1 0 544.5 0.8333
111 2 82 1 0 544.5 0.8333
111 2 83 1 0 544.5 0.8333
111 2 84 1 0 544.5 0.8333
111 2 85 1 0 544.5 0.8333
111 2 86 1 0 544.5 0.8333
111 2 87 1 0 544.5 0.8333
111 2 88 1 0 544.5 0.8333
111 2 89 1 0 544.5 0.8333
111 2 90 1 0 544.5 0.8333
111 2 91 1 0 544.5 0.8333
111 2 92 1 0 544.5 0.8333
111 2 93 1 0 544.5 0.8333
111 2 94 1 0 544.5 0.8333
111 2 95 1 0 544.5 0.8333
111 2 96 1 0 544.5 0.8333
111 2 97 1 0 544.5 0.8333
111 2 98 1 0 544.5 0.8333
111 2 99 1 0 544.5 0.8333
111 2 100 1 0 544.5 0.8333
111 2 101 1 0 544.5 0.8333
111 2 102 1 0 544.5 0.8333
111 2 103 1 0 544.5 0.8333
111 2 104 1 0 544.5 0.8333
111 2 105 1 0 544.5 0.8333
111 2 106 1 0 544.5 0.8333
111 2 107 1 0 544.5 0.8333
111 2 108 1 0 544.5 0.8333
111 2 109 1 0 544.5 0.8333
111 2 110 1 0 544.5 0.8333
111 2 111 1 0 544.5 0.8333
111 2 112 1 0 544.5 0.8333
111 2 113 1 0 544.5 0.8333
111 2 114 1 0 544.5 0.8333
111 2 115 1 0 544.5 0.8333
111 2 116 1 0 544.5 0.8333
111 2 117 1 0 544.5 0.8333
111 2 118 1 0 544.5 0.8333
111 2 119 1 0 544.5 0.8333
111 2 120 1 0 544.5 0.8333
111 2 121 1 0 544.5 0.8333
111 2 122 1 0 544.5 0.8333
111 2 123 1 0 544.5 0.8333
111 2 124 1 0 544.5 0.8333
111 2 125 1 0 544.5 0.8333
111 2 126 1 0 544.5 0.8333
111 2 127 1 0 544.5 0.8333
111 2 128 1 0 544.5 0.8333
111 2 129 1 0 544.5 0.8333
111 2 130 1 0 544.5 0.8333
111 2 131 1 0 544.5 0.8333
111 2 132 1 0 544.5 0.8333
111 2 133 1 0 544.5 0.8333
111 2 134 1 0 544.5 0.8333
111 2 135 1 0 544.5 0.8333
111 2 136 1 0 544.5 0.8333
111 2 137 1 0 544.5 0.8333
111 2 138 1 0 544.5 0.8333
111 2 139 1 0 544.5 0.8333
111 2 140 1 0 544.5 0.8333
111 2 141 1 0 544.5 0.8333
111 2 142 1 0 544.5 0.8333
111 2 143 1 0 544.5 0.8333
111 2 144 1 0 544.5 0.8333
111 2 145 1 0 544.5 0.8333
111 2 146 1 0 544.5 0.8333
111 2 147 1 0 544.5 0.8333
111 2 148 1 0 544.5 0.8333
111 2 149 1 0 544.5 0.8333
111 2 150 1 0 544.5 0.8333
111 2 151 1 0 544.5 0.8333
111 2 152 1 0 544.5 0.8333
111 2 153 1 0 544.5 0.8333
111 2 154 1 0 544.5 0.8333
111 2 155 1 0 544.5 0.8333
111 2 156 1 0 544.5 0.8333
111 2 157 1 0 544.5 0.8333
111 2 158 1 0 544.5 0.8333
111 2 159 1 0 544.5 0.8333
111 2 160 1 0 544.5 0.8333
111 2 161 1 0 544.5 0.8333
111 2 162 1 0 544.5 0.8333
111 2 163 1 0 544.5 0.8333
111 2 164 1 0 544.5 0.8333
111 2 165 1 0 544.5 0.8333
111 2 166 1 0 544.5 0.8333
111 2 167 1 0 544.5 0.8333
111 2 168 1 0 544.5 0.8333
111 2 169 1 0 544.5 0.8333
111 2 170 1 0 544.5 0.8333
111 2 171 1 0 544.5 0.8333
111 2 172 1 0 544.5 0.8333
111 2 173 1 0 544.5 0.8333
111 2 174 1 0 544.5 0.8333
111 2 175 1 0 544.5 0.8333
111 2 176 1 0 544.5 0.8333
111 2 177 1 0 544.5 0.8333
111 2 178 1 0 544.5 0.8333
111 2 179 1 0 544.5 0.8333
111 2 180 1 0 544.5 0.8333
111 2 181 1 0 544.5 0.8333
111 2 182 1 0 544.5 0.8333
111 2 183 1 0 544.5 0.8333
111 2 184 1 0 544.5 0.8333
111 2 185 1 0 544.5 0.8333
111 2 186 1 0 544.5 0.8333
111 2 187 1 0 544.5 0.8333
111 2 188 1 0 544.5 0.8333
111 2 189 1 0 544.5 0.8333
111 2 190 1 0 544.5 0.8333
111 2 191 1 0 544.5 0.8333
111 2 192 1 0 544.5 0.8333
111 2 193 1 0 544.5 0.8333
111 2 194 1 0 544.5 0.8333
111 2 195 1 0 544.5 0.8333
111 2 196 1 0 544.5 0.8333
111 2 197 1 0 544.5 0.8333
111 2 198 1 0 544.5 0.8333
111 2 199 1 0 544.5 0.8333
111 2 200 1 0 544.5 0.8333
111 2 201 1 0 544.5 0.8333
111 2 202 1 0 544.5 0.8333
111 2 203 1 0 544.5 0.8333
111 2 204 1 0 544.5 0.8333
111 2 205 1 0 544.5 0.8333
111 2 206 1 0 544.5 0.8333
111 2 207 1 0 544.5 0.8333
111 2 208 1 0 544.5 0.8333
111 2 209 1 0 544.5 0.8333
111 2 210 1 0 544.5 0.8333
111 2 211 1 0 544.5 0.8333
111 2 212 1 0 544.5 0.8333
111 2 213 1 0 544.5 0.8333
111 2 214 1 0 544.5 0.8333
111 2 215 1 0 544.5 0.8333
111 2 216 1 0 544.5 0.8333
111 2 217 1 0 544.5 0.8333
111 2 218 1 0 544.5 0.8333
111 2 219 1 0 544.5 0.8333
111 2 220 1 0 544.5 0.8333
111 2 221 1 0 544.5 0.8333
111 2 222 1 0 544.5 0.8333
111 2 223 1 0 544.5 0.8333
111 2 224 1 0 544.5 0.8333
111 2 225 1 0 544.5 0.8333
111 2 226 1 0 544.5 0.8333
111 2 227 1 0 544.5 0.8333
111 2 228 1 0 544.5 0.8333
111 2 229 1 0 544.5 0.8333
111 2 230 1 0 544.5 0.8333
111 2 231 1 0 544.5 0.8333
111 2 232 1 0 544.5 0.8333
111 2 233 1 0 544.5 0.8333
111 2 234 1 0 544.5 0.8333
111 2 235 1 0 544.5 0.8333
111 2 236 1 0 544.5 0.8333
111 2 237 1 0 544.5 0.8333
111 2 238 1 0 544.5 0.8333
111 2 239 1 0 544.5 0.8333
111 2 240 1 0 544.5 0.8333
111 2 241 1 0 544.5 0.8333
111 2 242 1 0 544.5 0.8333
111 2 243 1 0 544.5 0.8333
111 2 244 1 0 544.5 0.8333
111 2 245 1 0 544.5 0.8333
111 2 246 1 0 544.5 0.8333
111 2 247 1 0 544.5 0.8333
111 2 248 1 0 544.5 0.8333
111 2 249 1 0 544.5 0.8333
111 2 250 1 0 544.5 0.8333
111 2 251 1 0 544.5 0.8333
111 2 252 1 0 544.5 0.8333
111 2 253 1 0 544.5 0.8333
111 2 254 1 0 544.5 0.8333
111 2 255 1 0 544.5 0.8333
#########################################################
# SFT-XP Tdc                                            #
#########################################################
111 3 0 1 0 544.5 0.8333
111 3 1 1 0 544.5 0.8333
111 3 2 1 0 544.5 0.8333
111 3 3 1 0 544.5 0.8333
111 3 4 1 0 544.5 0.8333
111 3 5 1 0 544.5 0.8333
111 3 6 1 0 544.5 0.8333
111 3 7 1 0 544.5 0.8333
111 3 8 1 0 544.5 0.8333
111 3 9 1 0 544.5 0.8333
111 3 10 1 0 544.5 0.8333
111 3 11 1 0 544.5 0.8333
111 3 12 1 0 544.5 0.8333
111 3 13 1 0 544.5 0.8333
111 3 14 1 0 544.5 0.8333
111 3 15 1 0 544.5 0.8333
111 3 16 1 0 544.5 0.8333
111 3 17 1 0 544.5 0.8333
111 3 18 1 0 544.5 0.8333
111 3 19 1 0 544.5 0.8333
111 3 20 1 0 544.5 0.8333
111 3 21 1 0 544.5 0.8333
111 3 22 1 0 544.5 0.8333
111 3 23 1 0 544.5 0.8333
111 3 24 1 0 544.5 0.8333
111 3 25 1 0 544.5 0.8333
111 3 26 1 0 544.5 0.8333
111 3 27 1 0 544.5 0.8333
111 3 28 1 0 544.5 0.8333
111 3 29 1 0 544.5 0.8333
111 3 30 1 0 544.5 0.8333
111 3 31 1 0 544.5 0.8333
111 3 32 1 0 544.5 0.8333
111 3 33 1 0 544.5 0.8333
111 3 34 1 0 544.5 0.8333
111 3 35 1 0 544.5 0.8333
111 3 36 1 0 544.5 0.8333
111 3 37 1 0 544.5 0.8333
111 3 38 1 0 544.5 0.8333
111 3 39 1 0 544.5 0.8333
111 3 40 1 0 544.5 0.8333
111 3 41 1 0 544.5 0.8333
111 3 42 1 0 544.5 0.8333
111 3 43 1 0 544.5 0.8333
111 3 44 1 0 544.5 0.8333
111 3 45 1 0 544.5 0.8333
111 3 46 1 0 544.5 0.8333
111 3 47 1 0 544.5 0.8333
111 3 48 1 0 544.5 0.8333
111 3 49 1 0 544.5 0.8333
111 3 50 1 0 544.5 0.8333
111 3 51 1 0 544.5 0.8333
111 3 52 1 0 544.5 0.8333
111 3 53 1 0 544.5 0.8333
111 3 54 1 0 544.5 0.8333
111 3 55 1 0 544.5 0.8333
111 3 56 1 0 544.5 0.8333
111 3 57 1 0 544.5 0.8333
111 3 58 1 0 544.5 0.8333
111 3 59 1 0 544.5 0.8333
111 3 60 1 0 544.5 0.8333
111 3 61 1 0 544.5 0.8333
111 3 62 1 0 544.5 0.8333
111 3 63 1 0 544.5 0.8333
111 3 64 1 0 544.5 0.8333
111 3 65 1 0 544.5 0.8333
111 3 66 1 0 544.5 0.8333
111 3 67 1 0 544.5 0.8333
111 3 68 1 0 544.5 0.8333
111 3 69 1 0 544.5 0.8333
111 3 70 1 0 544.5 0.8333
111 3 71 1 0 544.5 0.8333
111 3 72 1 0 544.5 0.8333
111 3 73 1 0 544.5 0.8333
111 3 74 1 0 544.5 0.8333
111 3 75 1 0 544.5 0.8333
111 3 76 1 0 544.5 0.8333
111 3 77 1 0 544.5 0.8333
111 3 78 1 0 544.5 0.8333
111 3 79 1 0 544.5 0.8333
111 3 80 1 0 544.5 0.8333
111 3 81 1 0 544.5 0.8333
111 3 82 1 0 544.5 0.8333
111 3 83 1 0 544.5 0.8333
111 3 84 1 0 544.5 0.8333
111 3 85 1 0 544.5 0.8333
111 3 86 1 0 544.5 0.8333
111 3 87 1 0 544.5 0.8333
111 3 88 1 0 544.5 0.8333
111 3 89 1 0 544.5 0.8333
111 3 90 1 0 544.5 0.8333
111 3 91 1 0 544.5 0.8333
111 3 92 1 0 544.5 0.8333
111 3 93 1 0 544.5 0.8333
111 3 94 1 0 544.5 0.8333
111 3 95 1 0 544.5 0.8333
111 3 96 1 0 544.5 0.8333
111 3 97 1 0 544.5 0.8333
111 3 98 1 0 544.5 0.8333
111 3 99 1 0 544.5 0.8333
111 3 100 1 0 544.5 0.8333
111 3 101 1 0 544.5 0.8333
111 3 102 1 0 544.5 0.8333
111 3 103 1 0 544.5 0.8333
111 3 104 1 0 544.5 0.8333
111 3 105 1 0 544.5 0.8333
111 3 106 1 0 544.5 0.8333
111 3 107 1 0 544.5 0.8333
111 3 108 1 0 544.5 0.8333
111 3 109 1 0 544.5 0.8333
111 3 110 1 0 544.5 0.8333
111 3 111 1 0 544.5 0.8333
111 3 112 1 0 544.5 0.8333
111 3 113 1 0 544.5 0.8333
111 3 114 1 0 544.5 0.8333
111 3 115 1 0 544.5 0.8333
111 3 116 1 0 544.5 0.8333
111 3 117 1 0 544.5 0.8333
111 3 118 1 0 544.5 0.8333
111 3 119 1 0 544.5 0.8333
111 3 120 1 0 544.5 0.8333
111 3 121 1 0 544.5 0.8333
111 3 122 1 0 544.5 0.8333
111 3 123 1 0 544.5 0.8333
111 3 124 1 0 544.5 0.8333
111 3 125 1 0 544.5 0.8333
111 3 126 1 0 544.5 0.8333
111 3 127 1 0 544.5 0.8333
111 3 128 1 0 544.5 0.8333
111 3 129 1 0 544.5 0.8333
111 3 130 1 0 544.5 0.8333
111 3 131 1 0 544.5 0.8333
111 3 132 1 0 544.5 0.8333
111 3 133 1 0 544.5 0.8333
111 3 134 1 0 544.5 0.8333
111 3 135 1 0 544.5 0.8333
111 3 136 1 0 544.5 0.8333
111 3 137 1 0 544.5 0.8333
111 3 138 1 0 544.5 0.8333
111 3 139 1 0 544.5 0.8333
111 3 140 1 0 544.5 0.8333
111 3 141 1 0 544.5 0.8333
111 3 142 1 0 544.5 0.8333
111 3 143 1 0 544.5 0.8333
111 3 144 1 0 544.5 0.8333
111 3 145 1 0 544.5 0.8333
111 3 146 1 0 544.5 0.8333
111 3 147 1 0 544.5 0.8333
111 3 148 1 0 544.5 0.8333
111 3 149 1 0 544.5 0.8333
111 3 150 1 0 544.5 0.8333
111 3 151 1 0 544.5 0.8333
111 3 152 1 0 544.5 0.8333
111 3 153 1 0 544.5 0.8333
111 3 154 1 0 544.5 0.8333
111 3 155 1 0 544.5 0.8333
111 3 156 1 0 544.5 0.8333
111 3 157 1 0 544.5 0.8333
111 3 158 1 0 544.5 0.8333
111 3 159 1 0 544.5 0.8333
111 3 160 1 0 544.5 0.8333
111 3 161 1 0 544.5 0.8333
111 3 162 1 0 544.5 0.8333
111 3 163 1 0 544.5 0.8333
111 3 164 1 0 544.5 0.8333
111 3 165 1 0 544.5 0.8333
111 3 166 1 0 544.5 0.8333
111 3 167 1 0 544.5 0.8333
111 3 168 1 0 544.5 0.8333
111 3 169 1 0 544.5 0.8333
111 3 170 1 0 544.5 0.8333
111 3 171 1 0 544.5 0.8333
111 3 172 1 0 544.5 0.8333
111 3 173 1 0 544.5 0.8333
111 3 174 1 0 544.5 0.8333
111 3 175 1 0 544.5 0.8333
111 3 176 1 0 544.5 0.8333
111 3 177 1 0 544.5 0.8333
111 3 178 1 0 544.5 0.8333
111 3 179 1 0 544.5 0.8333
111 3 180 1 0 544.5 0.8333
111 3 181 1 0 544.5 0.8333
111 3 182 1 0 544.5 0.8333
111 3 183 1 0 544.5 0.8333
111 3 184 1 0 544.5 0.8333
111 3 185 1 0 544.5 0.8333
111 3 186 1 0 544.5 0.8333
111 3 187 1 0 544.5 0.8333
111 3 188 1 0 544.5 0.8333
111 3 189 1 0 544.5 0.8333
111 3 190 1 0 544.5 0.8333
111 3 191 1 0 544.5 0.8333
111 3 192 1 0 544.5 0.8333
111 3 193 1 0 544.5 0.8333
111 3 194 1 0 544.5 0.8333
111 3 195 1 0 544.5 0.8333
111 3 196 1 0 544.5 0.8333
111 3 197 1 0 544.5 0.8333
111 3 198 1 0 544.5 0.8333
111 3 199 1 0 544.5 0.8333
111 3 200 1 0 544.5 0.8333
111 3 201 1 0 544.5 0.8333
111 3 202 1 0 544.5 0.8333
111 3 203 1 0 544.5 0.8333
111 3 204 1 0 544.5 0.8333
111 3 205 1 0 544.5 0.8333
111 3 206 1 0 544.5 0.8333
111 3 207 1 0 544.5 0.8333
111 3 208 1 0 544.5 0.8333
111 3 209 1 0 544.5 0.8333
111 3 210 1 0 544.5 0.8333
111 3 211 1 0 544.5 0.8333
111 3 212 1 0 544.5 0.8333
111 3 213 1 0 544.5 0.8333
111 3 214 1 0 544.5 0.8333
111 3 215 1 0 544.5 0.8333
111 3 216 1 0 544.5 0.8333
111 3 217 1 0 544.5 0.8333
111 3 218 1 0 544.5 0.8333
111 3 219 1 0 544.5 0.8333
111 3 220 1 0 544.5 0.8333
111 3 221 1 0 544.5 0.8333
111 3 222 1 0 544.5 0.8333
111 3 223 1 0 544.5 0.8333
111 3 224 1 0 544.5 0.8333
111 3 225 1 0 544.5 0.8333
111 3 226 1 0 544.5 0.8333
111 3 227 1 0 544.5 0.8333
111 3 228 1 0 544.5 0.8333
111 3 229 1 0 544.5 0.8333
111 3 230 1 0 544.5 0.8333
111 3 231 1 0 544.5 0.8333
111 3 232 1 0 544.5 0.8333
111 3 233 1 0 544.5 0.8333
111 3 234 1 0 544.5 0.8333
111 3 235 1 0 544.5 0.8333
111 3 236 1 0 544.5 0.8333
111 3 237 1 0 544.5 0.8333
111 3 238 1 0 544.5 0.8333
111 3 239 1 0 544.5 0.8333
111 3 240 1 0 544.5 0.8333
111 3 241 1 0 544.5 0.8333
111 3 242 1 0 544.5 0.8333
111 3 243 1 0 544.5 0.8333
111 3 244 1 0 544.5 0.8333
111 3 245 1 0 544.5 0.8333
111 3 246 1 0 544.5 0.8333
111 3 247 1 0 544.5 0.8333
111 3 248 1 0 544.5 0.8333
111 3 249 1 0 544.5 0.8333
111 3 250 1 0 544.5 0.8333
111 3 251 1 0 544.5 0.8333
111 3 252 1 0 544.5 0.8333
111 3 253 1 0 544.5 0.8333
111 3 254 1 0 544.5 0.8333
111 3 255 1 0 544.5 0.8333
#########################################################
# SSDT Adc (Dummy)                                      #
#########################################################
24 0 0 0 0 100 700
24 0 1 0 0 100 700
24 0 2 0 0 100 700
24 0 3 0 0 100 700
24 0 4 0 0 100 700
#########################################################
# SSDT Tdc                                              #
#########################################################
24 0 0 1 0 1200 0.035
24 0 1 1 0 2700 0.035
24 0 2 1 0 2700 0.035
24 0 3 1 0 2700 0.035
24 0 4 1 0 2700 0.035
