#VME CH   p1
0    0    0.0346755510 +/- 0.0000069599
0    1    0.0369765239 +/- 0.0000069280
0    2    0.0371521335 +/- 0.0000072192
0    3    0.0371820083 +/- 0.0000068531
0    4    0.0371371237 +/- 0.0000067463
0    5    0.0375676743 +/- 0.0000072144
0    6    0.0377849590 +/- 0.0000073195
0    7    0.0362645262 +/- 0.0000075753
0    8    0.0362048191 +/- 0.0000076239
0    9    0.0363175693 +/- 0.0000065239
0    10   0.0363701733 +/- 0.0000066880
0    11   0.0372960990 +/- 0.0000068244
0    12   0.0377663271 +/- 0.0000070973
0    13   0.0363638190 +/- 0.0000066063
0    14   0.0378863180 +/- 0.0000069010
0    15   0.0381540380 +/- 0.0000073781
0    16   0.0357012623 +/- 0.0000074504
0    17   0.0373357559 +/- 0.0000078193
0    18   0.0370828268 +/- 0.0000069295
0    19   0.0362260386 +/- 0.0000069584
0    20   0.0371197478 +/- 0.0000078644
0    21   0.0370862128 +/- 0.0000068506
0    22   0.0375004478 +/- 0.0000068142
0    23   0.0358451616 +/- 0.0000071839
0    24   0.0370387805 +/- 0.0000068286
0    25   0.0358600835 +/- 0.0000071172
0    26   0.0352497893 +/- 0.0000070683
0    27   0.0367095893 +/- 0.0000066135
0    28   0.0353060246 +/- 0.0000071468
0    29   0.0375522976 +/- 0.0000066128
0    30   0.0368817873 +/- 0.0000066949
0    31   0.0354545182 +/- 0.0000074655
1    0    0.0372777574 +/- 0.0000078553
1    1    0.0368882181 +/- 0.0000078304
1    2    0.0371231017 +/- 0.0000077117
1    3    0.0369526390 +/- 0.0000074392
1    4    0.0369539038 +/- 0.0000074914
1    5    0.0362513078 +/- 0.0000075002
1    6    0.0368361364 +/- 0.0000074611
1    7    0.0371729835 +/- 0.0000077036
1    8    0.0371553641 +/- 0.0000077555
1    9    0.0371911585 +/- 0.0000077960
1    10   0.0373568058 +/- 0.0000076371
1    11   0.0374351266 +/- 0.0000076248
1    12   0.0370185678 +/- 0.0000080311
1    13   0.0375797350 +/- 0.0000080052
1    14   0.0367789823 +/- 0.0000078040
1    15   0.0369993248 +/- 0.0000081372
1    16   0.0369609870 +/- 0.0000074240
1    17   0.0375042144 +/- 0.0000076340
1    18   0.0371992502 +/- 0.0000072466
1    19   0.0368639022 +/- 0.0000075149
1    20   0.0374497977 +/- 0.0000073034
1    21   0.0373137434 +/- 0.0000071598
1    22   0.0373428053 +/- 0.0000073579
1    23   0.0372442734 +/- 0.0000070503
1    24   0.0370891880 +/- 0.0000072018
1    25   0.0371111219 +/- 0.0000072528
1    26   0.0369166851 +/- 0.0000071671
1    27   0.0370134895 +/- 0.0000068548
1    28   0.0369969847 +/- 0.0000069547
1    29   0.0368520718 +/- 0.0000071425
1    30   0.0375047388 +/- 0.0000074186
1    31   0.0372775377 +/- 0.0000069732
2    0    0.0357088446 +/- 0.0000074916
2    1    0.0376974493 +/- 0.0000070872
2    2    0.0365769779 +/- 0.0000076200
2    3    0.0384518583 +/- 0.0000075580
2    4    0.0381568463 +/- 0.0000072393
2    5    0.0358258275 +/- 0.0000106264
2    6    0.0369882581 +/- 0.0000117908
2    7    0.0358993030 +/- 0.0000076545
2    8    0.0358927908 +/- 0.0000102897
2    9    0.0363437097 +/- 0.0000106326
2    10   0.0351561817 +/- 0.0000082693
2    11   0.0356821857 +/- 0.0000075170
2    12   0.0375621885 +/- 0.0000074990
2    13   0.0379746301 +/- 0.0000069597
2    14   0.0364437840 +/- 0.0000124390
2    15   0.0360396103 +/- 0.0000102233
2    16   0.0369242842 +/- 0.0000082978
2    17   0.0361790543 +/- 0.0000081520
2    18   0.0365520055 +/- 0.0000075202
2    19   0.0381799211 +/- 0.0000073248
2    20   0.0380007805 +/- 0.0000074299
2    21   0.0361718367 +/- 0.0000117810
2    22   0.0361105562 +/- 0.0000099460
2    23   0.0363887157 +/- 0.0000084814
2    24   0.0378183460 +/- 0.0000068284
2    25   0.0368411360 +/- 0.0000092712
2    26   0.0366199290 +/- 0.0000091392
2    27   0.0371680442 +/- 0.0000076886
2    28   0.0375901318 +/- 0.0000072526
2    29   0.0363286879 +/- 0.0000092392
2    30   0.0376003801 +/- 0.0000089914
2    31   0.0362086673 +/- 0.0000130271
3    0    0.0365212886 +/- 0.0000085994
3    1    0.0366317229 +/- 0.0000084863
3    2    0.0362337542 +/- 0.0000085766
3    3    0.0366727804 +/- 0.0000084342
3    4    0.0369796236 +/- 0.0000076738
3    5    0.0365680393 +/- 0.0000085819
3    6    0.0364737850 +/- 0.0000085491
3    7    0.0365101723 +/- 0.0000084763
3    8    0.0370852300 +/- 0.0000077147
3    9    0.0365347792 +/- 0.0000085125
3    10   0.0364844685 +/- 0.0000086356
3    11   0.0369277237 +/- 0.0000076977
3    12   0.0368702288 +/- 0.0000091439
3    13   0.0362985280 +/- 0.0000083778
3    14   0.0366165906 +/- 0.0000088720
3    15   0.0362485629 +/- 0.0000086938
3    16   0.0369483563 +/- 0.0000075818
3    17   0.0361825518 +/- 0.0000081076
3    18   0.0363266141 +/- 0.0000080597
3    19   0.0362820098 +/- 0.0000082835
3    20   0.0370761542 +/- 0.0000070896
3    21   0.0368258949 +/- 0.0000071184
3    22   0.0368736459 +/- 0.0000068301
3    23   0.0361662215 +/- 0.0000075941
3    24   0.0363502161 +/- 0.0000077303
3    25   0.0365265535 +/- 0.0000075469
3    26   0.0361489405 +/- 0.0000076900
3    27   0.0371890173 +/- 0.0000068657
3    28   0.0363761373 +/- 0.0000076752
3    29   0.0365213236 +/- 0.0000074109
3    30   0.0366983804 +/- 0.0000077299
3    31   0.0367299284 +/- 0.0000076732
4    0    0.0355254100 +/- 0.0000073652
4    1    0.0359513328 +/- 0.0000080206
4    2    0.0355572253 +/- 0.0000075973
4    3    0.0364299143 +/- 0.0000079118
4    4    0.0359111344 +/- 0.0000074099
4    5    0.0356052396 +/- 0.0000076410
4    6    0.0350569856 +/- 0.0000073708
4    7    0.0360515293 +/- 0.0000075890
4    8    0.0354947880 +/- 0.0000074971
4    9    0.0354218715 +/- 0.0000075341
4    10   0.0349399236 +/- 0.0000073313
4    11   0.0355587567 +/- 0.0000078040
4    12   0.0363993784 +/- 0.0000080550
4    13   0.0355255565 +/- 0.0000073581
4    14   0.0359921369 +/- 0.0000077934
4    15   0.0354436413 +/- 0.0000078039
4    16   0.0364966425 +/- 0.0000078490
4    17   0.0359275115 +/- 0.0000077473
4    18   0.0361443938 +/- 0.0000075826
4    19   0.0356519953 +/- 0.0000076837
4    20   0.0367526933 +/- 0.0000076466
4    21   0.0364496630 +/- 0.0000077832
4    22   0.0355600099 +/- 0.0000073938
4    23   0.0363336011 +/- 0.0000075101
4    24   0.0357141719 +/- 0.0000071863
4    25   0.0354389075 +/- 0.0000074738
4    26   0.0367869924 +/- 0.0000074332
4    27   0.0372730547 +/- 0.0000067697
4    28   0.0360813652 +/- 0.0000074719
4    29   0.0356590571 +/- 0.0000072093
4    30   0.0354295925 +/- 0.0000072453
4    31   0.0358852909 +/- 0.0000071026
