##
#  file: DCDriftParam_0
#  date: 2016.06.15
#  note: first version
#
#
#######################################################################
# Id	WireId	Type	NParam	p0	p1	...
### SFT
7	0	6	6	0.0000e+00	0.0000e+00	0.0000e+00	0.0000e+00	0.0000e+00	0.0000e+00
8	0	6	6	0.0000e+00	0.0000e+00	0.0000e+00	0.0000e+00	0.0000e+00	0.0000e+00
9	0	6	6	0.0000e+00	0.0000e+00	0.0000e+00	0.0000e+00	0.0000e+00	0.0000e+00
### SDC1
1	0	6	6	0.0000e+00	4.7189e-02	7.8312e-04	-1.0231e-05	-1.4105e-07	1.6053e-09
2	0	6	6	0.0000e+00	4.7077e-02	7.6934e-04	-1.0056e-05	-1.3825e-07	1.5726e-09
3	0	6	6	0.0000e+00	4.8160e-02	7.2136e-04	-9.7823e-06	-1.3128e-07	1.5101e-09
4	0	6	6	0.0000e+00	4.7092e-02	7.4271e-04	-9.7034e-06	-1.3345e-07	1.5086e-09
5	0	6	6	0.0000e+00	4.7772e-02	7.3750e-04	-9.8466e-06	-1.3365e-07	1.5274e-09
6	0	6	6	0.0000e+00	4.8161e-02	7.3068e-04	-9.8683e-06	-1.3315e-07	1.5286e-09
### SDC2
# 31	0	6	6	0.0000e+00	1.4601e-01	-7.7696e-03	2.1910e-04	-2.4575e-06	9.3890e-09
# 32	0	6	6	0.0000e+00	1.3976e-01	-6.9768e-03	1.9118e-04	-2.1003e-06	7.8819e-09
# 33	0	6	6	0.0000e+00	8.1218e-02	-1.9200e-03	6.3432e-05	-8.5099e-07	3.6693e-09
# 34	0	6	6	0.0000e+00	8.1280e-02	-2.0065e-03	6.3692e-05	-8.2663e-07	3.4830e-09
31	0	6	6	0.0000e+00	3.0053e-02	1.7768e-03	-2.5182e-05	7.1833e-08	1.6938e-10
32	0	6	6	0.0000e+00	2.8844e-02	1.8362e-03	-2.8252e-05	1.1890e-07	-4.1796e-11
33	0	6	6	0.0000e+00	3.0270e-02	2.0567e-03	-3.4404e-05	1.7107e-07	-1.8291e-10
34	0	6	6	0.0000e+00	3.3049e-02	1.7194e-03	-2.6186e-05	9.7123e-08	4.4410e-11
### SDC3
# 35	0	6	6	0.0000e+00	5.7524e-02	1.9160e-05	6.8146e-08	-4.0707e-09	9.5119e-12
# 36	0	6	6	0.0000e+00	6.9645e-02	-3.6220e-04	4.3657e-06	-2.3905e-08	4.1675e-11
# 37	0	6	6	0.0000e+00	9.6875e-02	-7.9151e-04	5.6507e-06	-1.8029e-08	1.7651e-11
# 38	0	6	6	0.0000e+00	8.3562e-02	-4.2257e-04	2.1459e-06	-3.6010e-09	-4.2519e-12
35	0	6	6	0.0000e+00	4.9189e-02	2.9610e-04	-4.5782e-06	2.3816e-08	-4.3485e-11
36	0	6	6	0.0000e+00	5.2436e-02	1.6027e-04	-2.6624e-06	1.4143e-08	-2.7580e-11
37	0	6	6	0.0000e+00	4.3556e-02	4.5091e-04	-6.0880e-06	2.9654e-08	-5.1096e-11
38	0	6	6	0.0000e+00	4.6761e-02	3.9054e-04	-5.2155e-06	2.4843e-08	-4.2778e-11
### BC3
113	0	6	6	0.0000e+00	4.2699e-02	1.8965e-03	-3.5704e-05	-1.5560e-06	2.9237e-08
114	0	6	6	0.0000e+00	4.0635e-02	2.1800e-03	-4.1400e-05	-1.7982e-06	3.5619e-08
115	0	6	6	0.0000e+00	3.9000e-02	2.4012e-03	-4.5750e-05	-1.9831e-06	4.0425e-08
116	0	6	6	0.0000e+00	3.8752e-02	2.4252e-03	-4.5948e-05	-2.0020e-06	4.0725e-08
117	0	6	6	0.0000e+00	4.0307e-02	2.1133e-03	-3.8067e-05	-1.7262e-06	3.2542e-08
118	0	6	6	0.0000e+00	3.5757e-02	2.7399e-03	-5.2354e-05	-2.2451e-06	4.7666e-08
### BC4
119	0	6	6	0.0000e+00	4.1725e-02	2.1050e-03	-4.0010e-05	-1.7483e-06	3.4037e-08
120	0	6	6	0.0000e+00	3.9058e-02	2.4783e-03	-4.8276e-05	-2.0608e-06	4.2899e-08
121	0	6	6	0.0000e+00	3.7880e-02	2.4503e-03	-4.4938e-05	-2.0024e-06	3.9865e-08
122	0	6	6	0.0000e+00	3.8567e-02	2.3412e-03	-4.2477e-05	-1.9119e-06	3.7326e-08
123	0	6	6	0.0000e+00	3.8429e-02	2.4269e-03	-4.4528e-05	-1.9988e-06	3.9585e-08
124	0	6	6	0.0000e+00	3.6950e-02	2.5349e-03	-4.5700e-05	-2.0706e-06	4.1071e-08
