##
#  file: DCTdcCalib_0
#  date: 2017.01.18
#  note: first version
#
#
#######################################################################
# Id	WireId	p1	p0
#
### BC3-X1
113	1	1.000	-355.644
113	2	1.000	-355.644
113	3	1.000	-355.644
113	4	1.000	-355.644
113	5	1.000	-358.845
113	6	1.000	-355.644
113	7	1.000	-355.644
113	8	1.000	-355.644
113	9	1.000	-355.644
113	10	1.000	-355.644
113	11	1.000	-357.854
113	12	1.000	-355.644
113	13	1.000	-358.357
113	14	1.000	-355.644
113	15	1.000	-358.027
113	16	1.000	-358.479
113	17	1.000	-356.561
113	18	1.000	-359.767
113	19	1.000	-358.102
113	20	1.000	-357.496
113	21	1.000	-356.468
113	22	1.000	-357.081
113	23	1.000	-356.556
113	24	1.000	-355.987
113	25	1.000	-354.932
113	26	1.000	-355.764
113	27	1.000	-354.820
113	28	1.000	-354.468
113	29	1.000	-354.332
113	30	1.000	-355.531
113	31	1.000	-354.330
113	32	1.000	-354.891
113	33	1.000	-354.568
113	34	1.000	-355.062
113	35	1.000	-354.846
113	36	1.000	-355.141
113	37	1.000	-355.341
113	38	1.000	-356.399
113	39	1.000	-355.204
113	40	1.000	-355.067
113	41	1.000	-355.966
113	42	1.000	-356.696
113	43	1.000	-356.027
113	44	1.000	-355.690
113	45	1.000	-354.972
113	46	1.000	-355.854
113	47	1.000	-355.402
113	48	1.000	-355.781
113	49	1.000	-355.620
113	50	1.000	-357.335
113	51	1.000	-356.070
113	52	1.000	-357.100
113	53	1.000	-355.699
113	54	1.000	-356.721
113	55	1.000	-357.402
113	56	1.000	-354.755
113	57	1.000	-355.756
113	58	1.000	-357.587
113	59	1.000	-355.545
113	60	1.000	-354.406
113	61	1.000	-354.666
113	62	1.000	-354.888
113	63	1.000	-353.617
113	64	1.000	-355.318
#
### BC3-X2
114	1	1.000	-353.794
114	2	1.000	-353.794
114	3	1.000	-353.794
114	4	1.000	-353.794
114	5	1.000	-353.794
114	6	1.000	-353.794
114	7	1.000	-353.794
114	8	1.000	-353.794
114	9	1.000	-353.794
114	10	1.000	-353.794
114	11	1.000	-353.794
114	12	1.000	-353.794
114	13	1.000	-357.504
114	14	1.000	-357.222
114	15	1.000	-353.794
114	16	1.000	-354.506
114	17	1.000	-353.473
114	18	1.000	-355.443
114	19	1.000	-354.974
114	20	1.000	-353.997
114	21	1.000	-354.412
114	22	1.000	-354.443
114	23	1.000	-354.775
114	24	1.000	-354.368
114	25	1.000	-352.737
114	26	1.000	-353.473
114	27	1.000	-353.457
114	28	1.000	-352.875
114	29	1.000	-353.217
114	30	1.000	-353.277
114	31	1.000	-353.213
114	32	1.000	-352.153
114	33	1.000	-352.624
114	34	1.000	-352.718
114	35	1.000	-352.928
114	36	1.000	-352.607
114	37	1.000	-353.174
114	38	1.000	-352.984
114	39	1.000	-353.422
114	40	1.000	-352.787
114	41	1.000	-353.498
114	42	1.000	-354.145
114	43	1.000	-354.263
114	44	1.000	-354.142
114	45	1.000	-353.812
114	46	1.000	-354.376
114	47	1.000	-355.134
114	48	1.000	-353.647
114	49	1.000	-354.314
114	50	1.000	-354.321
114	51	1.000	-353.728
114	52	1.000	-353.984
114	53	1.000	-355.162
114	54	1.000	-354.211
114	55	1.000	-352.541
114	56	1.000	-356.146
114	57	1.000	-353.598
114	58	1.000	-354.598
114	59	1.000	-352.037
114	60	1.000	-354.136
114	61	1.000	-356.279
114	62	1.000	-351.973
114	63	1.000	-350.962
114	64	1.000	-353.794
#
### BC3-U1
115	1	1.000	-354.822
115	2	1.000	-354.822
115	3	1.000	-354.822
115	4	1.000	-354.822
115	5	1.000	-354.822
115	6	1.000	-354.822
115	7	1.000	-354.822
115	8	1.000	-354.822
115	9	1.000	-354.822
115	10	1.000	-354.822
115	11	1.000	-354.822
115	12	1.000	-354.822
115	13	1.000	-354.822
115	14	1.000	-357.410
115	15	1.000	-359.187
115	16	1.000	-355.657
115	17	1.000	-355.178
115	18	1.000	-354.975
115	19	1.000	-355.901
115	20	1.000	-356.161
115	21	1.000	-354.510
115	22	1.000	-354.075
115	23	1.000	-353.549
115	24	1.000	-352.651
115	25	1.000	-352.391
115	26	1.000	-352.126
115	27	1.000	-353.018
115	28	1.000	-351.733
115	29	1.000	-352.176
115	30	1.000	-352.351
115	31	1.000	-351.993
115	32	1.000	-352.236
115	33	1.000	-352.434
115	34	1.000	-353.144
115	35	1.000	-354.499
115	36	1.000	-354.126
115	37	1.000	-354.248
115	38	1.000	-354.429
115	39	1.000	-354.914
115	40	1.000	-354.298
115	41	1.000	-354.555
115	42	1.000	-355.321
115	43	1.000	-354.941
115	44	1.000	-354.969
115	45	1.000	-354.301
115	46	1.000	-355.360
115	47	1.000	-354.812
115	48	1.000	-354.697
115	49	1.000	-354.491
115	50	1.000	-356.041
115	51	1.000	-355.823
115	52	1.000	-356.241
115	53	1.000	-355.973
115	54	1.000	-355.281
115	55	1.000	-356.639
115	56	1.000	-356.522
115	57	1.000	-353.227
115	58	1.000	-353.544
115	59	1.000	-356.946
115	60	1.000	-353.753
115	61	1.000	-352.750
115	62	1.000	-355.278
115	63	1.000	-357.532
115	64	1.000	-355.713
#
### BC3-U2
116	1	1.000	-353.699
116	2	1.000	-353.699
116	3	1.000	-353.699
116	4	1.000	-353.699
116	5	1.000	-353.699
116	6	1.000	-355.820
116	7	1.000	-353.699
116	8	1.000	-353.699
116	9	1.000	-357.555
116	10	1.000	-353.699
116	11	1.000	-357.684
116	12	1.000	-353.699
116	13	1.000	-353.699
116	14	1.000	-355.866
116	15	1.000	-357.867
116	16	1.000	-355.548
116	17	1.000	-355.905
116	18	1.000	-354.443
116	19	1.000	-355.092
116	20	1.000	-353.940
116	21	1.000	-353.781
116	22	1.000	-353.570
116	23	1.000	-352.664
116	24	1.000	-352.876
116	25	1.000	-352.069
116	26	1.000	-352.664
116	27	1.000	-352.566
116	28	1.000	-351.693
116	29	1.000	-351.553
116	30	1.000	-351.564
116	31	1.000	-351.265
116	32	1.000	-351.067
116	33	1.000	-351.448
116	34	1.000	-351.007
116	35	1.000	-351.821
116	36	1.000	-351.278
116	37	1.000	-351.451
116	38	1.000	-352.063
116	39	1.000	-352.746
116	40	1.000	-351.834
116	41	1.000	-352.782
116	42	1.000	-353.415
116	43	1.000	-353.493
116	44	1.000	-353.734
116	45	1.000	-353.074
116	46	1.000	-353.500
116	47	1.000	-354.239
116	48	1.000	-352.963
116	49	1.000	-352.967
116	50	1.000	-353.013
116	51	1.000	-353.695
116	52	1.000	-352.643
116	53	1.000	-354.250
116	54	1.000	-354.283
116	55	1.000	-355.321
116	56	1.000	-354.755
116	57	1.000	-353.717
116	58	1.000	-354.904
116	59	1.000	-354.798
116	60	1.000	-352.878
116	61	1.000	-356.233
116	62	1.000	-353.927
116	63	1.000	-355.768
116	64	1.000	-353.218
#
### BC3-V1
117	1	1.000	-354.822
117	2	1.000	-354.822
117	3	1.000	-354.822
117	4	1.000	-354.822
117	5	1.000	-354.822
117	6	1.000	-354.822
117	7	1.000	-354.822
117	8	1.000	-354.822
117	9	1.000	-351.189
117	10	1.000	-354.822
117	11	1.000	-354.822
117	12	1.000	-354.822
117	13	1.000	-354.986
117	14	1.000	-354.822
117	15	1.000	-355.033
117	16	1.000	-355.178
117	17	1.000	-355.956
117	18	1.000	-357.087
117	19	1.000	-355.729
117	20	1.000	-356.850
117	21	1.000	-355.948
117	22	1.000	-356.466
117	23	1.000	-355.772
117	24	1.000	-355.104
117	25	1.000	-353.419
117	26	1.000	-353.995
117	27	1.000	-353.556
117	28	1.000	-353.803
117	29	1.000	-353.687
117	30	1.000	-354.230
117	31	1.000	-353.691
117	32	1.000	-354.155
117	33	1.000	-351.896
117	34	1.000	-353.259
117	35	1.000	-354.056
117	36	1.000	-353.915
117	37	1.000	-353.447
117	38	1.000	-354.066
117	39	1.000	-354.382
117	40	1.000	-353.867
117	41	1.000	-355.126
117	42	1.000	-355.466
117	43	1.000	-355.084
117	44	1.000	-354.784
117	45	1.000	-354.648
117	46	1.000	-354.007
117	47	1.000	-355.166
117	48	1.000	-354.351
117	49	1.000	-353.985
117	50	1.000	-355.330
117	51	1.000	-354.800
117	52	1.000	-355.327
117	53	1.000	-354.875
117	54	1.000	-355.126
117	55	1.000	-354.711
117	56	1.000	-355.843
117	57	1.000	-352.154
117	58	1.000	-354.027
117	59	1.000	-351.329
117	60	1.000	-353.955
117	61	1.000	-352.485
117	62	1.000	-355.114
117	63	1.000	-352.360
117	64	1.000	-353.421
#
### BC3-V2
118	1	1.000	-350.819
118	2	1.000	-350.819
118	3	1.000	-350.819
118	4	1.000	-350.819
118	5	1.000	-355.805
118	6	1.000	-350.819
118	7	1.000	-350.819
118	8	1.000	-355.054
118	9	1.000	-350.819
118	10	1.000	-350.819
118	11	1.000	-355.485
118	12	1.000	-350.819
118	13	1.000	-350.819
118	14	1.000	-351.368
118	15	1.000	-353.154
118	16	1.000	-353.986
118	17	1.000	-351.432
118	18	1.000	-351.689
118	19	1.000	-351.164
118	20	1.000	-351.054
118	21	1.000	-350.943
118	22	1.000	-349.705
118	23	1.000	-350.339
118	24	1.000	-349.756
118	25	1.000	-348.894
118	26	1.000	-349.047
118	27	1.000	-349.159
118	28	1.000	-348.613
118	29	1.000	-348.833
118	30	1.000	-349.099
118	31	1.000	-348.172
118	32	1.000	-347.778
118	33	1.000	-348.506
118	34	1.000	-349.427
118	35	1.000	-349.234
118	36	1.000	-349.076
118	37	1.000	-349.528
118	38	1.000	-350.255
118	39	1.000	-349.478
118	40	1.000	-350.340
118	41	1.000	-350.177
118	42	1.000	-350.753
118	43	1.000	-350.370
118	44	1.000	-350.691
118	45	1.000	-351.047
118	46	1.000	-351.451
118	47	1.000	-350.797
118	48	1.000	-350.371
118	49	1.000	-350.613
118	50	1.000	-350.936
118	51	1.000	-350.929
118	52	1.000	-351.880
118	53	1.000	-351.951
118	54	1.000	-352.620
118	55	1.000	-352.242
118	56	1.000	-353.101
118	57	1.000	-351.051
118	58	1.000	-346.166
118	59	1.000	-348.664
118	60	1.000	-350.643
118	61	1.000	-351.197
118	62	1.000	-350.455
118	63	1.000	-351.891
118	64	1.000	-351.851
#
### BC4-U1
119	1	1.000	-352.821
119	2	1.000	-352.821
119	3	1.000	-352.821
119	4	1.000	-352.821
119	5	1.000	-352.821
119	6	1.000	-357.289
119	7	1.000	-352.821
119	8	1.000	-352.821
119	9	1.000	-352.821
119	10	1.000	-352.821
119	11	1.000	-352.821
119	12	1.000	-352.821
119	13	1.000	-352.821
119	14	1.000	-352.821
119	15	1.000	-352.821
119	16	1.000	-352.821
119	17	1.000	-352.750
119	18	1.000	-354.207
119	19	1.000	-352.223
119	20	1.000	-352.876
119	21	1.000	-354.855
119	22	1.000	-353.230
119	23	1.000	-353.421
119	24	1.000	-353.141
119	25	1.000	-352.613
119	26	1.000	-352.797
119	27	1.000	-352.325
119	28	1.000	-352.359
119	29	1.000	-352.415
119	30	1.000	-352.635
119	31	1.000	-352.170
119	32	1.000	-351.749
119	33	1.000	-350.525
119	34	1.000	-350.813
119	35	1.000	-351.688
119	36	1.000	-351.760
119	37	1.000	-352.329
119	38	1.000	-352.087
119	39	1.000	-353.077
119	40	1.000	-351.879
119	41	1.000	-352.962
119	42	1.000	-352.302
119	43	1.000	-353.523
119	44	1.000	-353.211
119	45	1.000	-353.063
119	46	1.000	-352.242
119	47	1.000	-352.612
119	48	1.000	-352.169
119	49	1.000	-352.375
119	50	1.000	-353.900
119	51	1.000	-353.726
119	52	1.000	-353.975
119	53	1.000	-352.375
119	54	1.000	-352.275
119	55	1.000	-351.021
119	56	1.000	-350.867
119	57	1.000	-350.079
119	58	1.000	-348.935
119	59	1.000	-352.821
119	60	1.000	-350.785
119	61	1.000	-352.694
119	62	1.000	-352.821
119	63	1.000	-349.057
119	64	1.000	-352.821
#
### BC4-U2
120	1	1.000	-350.229
120	2	1.000	-350.000
120	3	1.000	-350.000
120	4	1.000	-350.000
120	5	1.000	-350.000
120	6	1.000	-350.000
120	7	1.000	-350.000
120	8	1.000	-350.000
120	9	1.000	-348.893
120	10	1.000	-350.000
120	11	1.000	-350.000
120	12	1.000	-350.000
120	13	1.000	-350.000
120	14	1.000	-350.000
120	15	1.000	-350.000
120	16	1.000	-348.561
120	17	1.000	-349.226
120	18	1.000	-345.554
120	19	1.000	-346.011
120	20	1.000	-350.557
120	21	1.000	-349.997
120	22	1.000	-350.266
120	23	1.000	-349.465
120	24	1.000	-349.979
120	25	1.000	-349.521
120	26	1.000	-350.150
120	27	1.000	-349.246
120	28	1.000	-349.783
120	29	1.000	-349.200
120	30	1.000	-349.882
120	31	1.000	-348.202
120	32	1.000	-348.306
120	33	1.000	-348.882
120	34	1.000	-348.782
120	35	1.000	-349.110
120	36	1.000	-348.503
120	37	1.000	-348.745
120	38	1.000	-349.574
120	39	1.000	-349.610
120	40	1.000	-349.216
120	41	1.000	-349.994
120	42	1.000	-350.537
120	43	1.000	-350.286
120	44	1.000	-350.523
120	45	1.000	-350.534
120	46	1.000	-350.799
120	47	1.000	-350.972
120	48	1.000	-350.078
120	49	1.000	-350.260
120	50	1.000	-350.537
120	51	1.000	-350.382
120	52	1.000	-351.208
120	53	1.000	-350.660
120	54	1.000	-351.376
120	55	1.000	-351.273
120	56	1.000	-351.819
120	57	1.000	-350.517
120	58	1.000	-351.603
120	59	1.000	-350.469
120	60	1.000	-351.466
120	61	1.000	-347.854
120	62	1.000	-348.438
120	63	1.000	-350.866
120	64	1.000	-349.102
#
### BC4-V1
121	1	1.000	-351.848
121	2	1.000	-351.848
121	3	1.000	-351.848
121	4	1.000	-351.848
121	5	1.000	-351.848
121	6	1.000	-351.848
121	7	1.000	-351.848
121	8	1.000	-351.848
121	9	1.000	-351.848
121	10	1.000	-356.582
121	11	1.000	-351.848
121	12	1.000	-351.848
121	13	1.000	-351.471
121	14	1.000	-351.045
121	15	1.000	-351.848
121	16	1.000	-349.934
121	17	1.000	-351.011
121	18	1.000	-350.698
121	19	1.000	-352.008
121	20	1.000	-352.789
121	21	1.000	-351.616
121	22	1.000	-352.456
121	23	1.000	-352.368
121	24	1.000	-353.010
121	25	1.000	-351.007
121	26	1.000	-352.205
121	27	1.000	-351.302
121	28	1.000	-351.386
121	29	1.000	-351.021
121	30	1.000	-351.350
121	31	1.000	-351.092
121	32	1.000	-351.228
121	33	1.000	-349.980
121	34	1.000	-350.566
121	35	1.000	-352.040
121	36	1.000	-351.717
121	37	1.000	-352.075
121	38	1.000	-352.132
121	39	1.000	-351.843
121	40	1.000	-351.081
121	41	1.000	-353.270
121	42	1.000	-352.339
121	43	1.000	-353.255
121	44	1.000	-353.203
121	45	1.000	-352.556
121	46	1.000	-351.919
121	47	1.000	-353.178
121	48	1.000	-351.919
121	49	1.000	-351.956
121	50	1.000	-353.193
121	51	1.000	-353.345
121	52	1.000	-352.929
121	53	1.000	-352.204
121	54	1.000	-351.925
121	55	1.000	-353.286
121	56	1.000	-351.284
121	57	1.000	-351.372
121	58	1.000	-351.154
121	59	1.000	-351.289
121	60	1.000	-349.891
121	61	1.000	-349.549
121	62	1.000	-350.216
121	63	1.000	-351.848
121	64	1.000	-351.372
#
### BC4-V2
122	1	1.000	-350.819
122	2	1.000	-350.819
122	3	1.000	-350.819
122	4	1.000	-350.819
122	5	1.000	-350.819
122	6	1.000	-350.819
122	7	1.000	-355.263
122	8	1.000	-350.819
122	9	1.000	-350.819
122	10	1.000	-350.819
122	11	1.000	-350.819
122	12	1.000	-350.819
122	13	1.000	-350.819
122	14	1.000	-350.819
122	15	1.000	-350.398
122	16	1.000	-352.324
122	17	1.000	-350.819
122	18	1.000	-350.638
122	19	1.000	-349.434
122	20	1.000	-351.180
122	21	1.000	-351.728
122	22	1.000	-352.968
122	23	1.000	-352.435
122	24	1.000	-352.085
122	25	1.000	-350.989
122	26	1.000	-351.593
122	27	1.000	-351.422
122	28	1.000	-351.288
122	29	1.000	-350.577
122	30	1.000	-350.732
122	31	1.000	-350.096
122	32	1.000	-350.141
122	33	1.000	-349.548
122	34	1.000	-349.782
122	35	1.000	-350.508
122	36	1.000	-349.727
122	37	1.000	-350.344
122	38	1.000	-350.378
122	39	1.000	-350.529
122	40	1.000	-350.136
122	41	1.000	-351.425
122	42	1.000	-351.451
122	43	1.000	-351.785
122	44	1.000	-351.717
122	45	1.000	-351.536
122	46	1.000	-351.788
122	47	1.000	-351.628
122	48	1.000	-350.552
122	49	1.000	-350.851
122	50	1.000	-350.545
122	51	1.000	-352.493
122	52	1.000	-350.885
122	53	1.000	-350.484
122	54	1.000	-350.391
122	55	1.000	-350.517
122	56	1.000	-352.191
122	57	1.000	-349.516
122	58	1.000	-350.769
122	59	1.000	-351.075
122	60	1.000	-350.487
122	61	1.000	-350.132
122	62	1.000	-354.037
122	63	1.000	-348.735
122	64	1.000	-347.178
#
### BC4-X1
123	1	1.000	-352.100
123	2	1.000	-352.100
123	3	1.000	-352.100
123	4	1.000	-352.100
123	5	1.000	-352.100
123	6	1.000	-352.100
123	7	1.000	-352.100
123	8	1.000	-352.100
123	9	1.000	-352.100
123	10	1.000	-352.100
123	11	1.000	-352.100
123	12	1.000	-352.100
123	13	1.000	-352.100
123	14	1.000	-352.100
123	15	1.000	-351.924
123	16	1.000	-353.490
123	17	1.000	-349.458
123	18	1.000	-352.331
123	19	1.000	-353.428
123	20	1.000	-351.921
123	21	1.000	-353.732
123	22	1.000	-352.204
123	23	1.000	-353.145
123	24	1.000	-352.431
123	25	1.000	-351.344
123	26	1.000	-351.432
123	27	1.000	-351.292
123	28	1.000	-351.349
123	29	1.000	-350.679
123	30	1.000	-352.405
123	31	1.000	-350.878
123	32	1.000	-351.586
123	33	1.000	-350.156
123	34	1.000	-350.896
123	35	1.000	-351.489
123	36	1.000	-351.347
123	37	1.000	-352.143
123	38	1.000	-351.794
123	39	1.000	-353.186
123	40	1.000	-351.631
123	41	1.000	-352.813
123	42	1.000	-352.528
123	43	1.000	-353.442
123	44	1.000	-353.175
123	45	1.000	-352.377
123	46	1.000	-352.032
123	47	1.000	-352.805
123	48	1.000	-351.943
123	49	1.000	-352.341
123	50	1.000	-353.647
123	51	1.000	-352.989
123	52	1.000	-353.031
123	53	1.000	-353.743
123	54	1.000	-351.845
123	55	1.000	-353.920
123	56	1.000	-351.690
123	57	1.000	-352.921
123	58	1.000	-350.724
123	59	1.000	-351.093
123	60	1.000	-352.542
123	61	1.000	-351.599
123	62	1.000	-352.734
123	63	1.000	-348.502
123	64	1.000	-351.680
#
### BC4-X2
124	1	1.000	-350.819
124	2	1.000	-350.819
124	3	1.000	-350.819
124	4	1.000	-350.819
124	5	1.000	-350.819
124	6	1.000	-350.819
124	7	1.000	-350.819
124	8	1.000	-350.819
124	9	1.000	-350.819
124	10	1.000	-350.819
124	11	1.000	-350.819
124	12	1.000	-350.819
124	13	1.000	-350.819
124	14	1.000	-350.819
124	15	1.000	-350.819
124	16	1.000	-346.849
124	17	1.000	-346.192
124	18	1.000	-350.143
124	19	1.000	-347.249
124	20	1.000	-350.258
124	21	1.000	-350.532
124	22	1.000	-351.292
124	23	1.000	-350.738
124	24	1.000	-351.010
124	25	1.000	-350.473
124	26	1.000	-351.278
124	27	1.000	-350.742
124	28	1.000	-350.695
124	29	1.000	-350.492
124	30	1.000	-349.724
124	31	1.000	-349.737
124	32	1.000	-348.719
124	33	1.000	-349.400
124	34	1.000	-350.198
124	35	1.000	-349.507
124	36	1.000	-349.739
124	37	1.000	-349.972
124	38	1.000	-351.016
124	39	1.000	-350.034
124	40	1.000	-350.050
124	41	1.000	-350.125
124	42	1.000	-350.479
124	43	1.000	-351.167
124	44	1.000	-351.017
124	45	1.000	-350.955
124	46	1.000	-351.471
124	47	1.000	-350.762
124	48	1.000	-350.365
124	49	1.000	-349.906
124	50	1.000	-350.497
124	51	1.000	-351.357
124	52	1.000	-350.937
124	53	1.000	-349.411
124	54	1.000	-350.739
124	55	1.000	-350.346
124	56	1.000	-350.671
124	57	1.000	-348.669
124	58	1.000	-348.824
124	59	1.000	-346.303
124	60	1.000	-347.641
124	61	1.000	-348.701
124	62	1.000	-348.196
124	63	1.000	-350.819
124	64	1.000	-348.820
#
### SDC1-V1
1	1	1.000	-337.731
1	2	1.000	-339.734
1	3	1.000	-339.969
1	4	1.000	-339.481
1	5	1.000	-341.121
1	6	1.000	-340.929
1	7	1.000	-340.312
1	8	1.000	-339.604
1	9	1.000	-341.616
1	10	1.000	-341.037
1	11	1.000	-341.892
1	12	1.000	-340.784
1	13	1.000	-340.187
1	14	1.000	-340.165
1	15	1.000	-340.812
1	16	1.000	-340.060
1	17	1.000	-336.990
1	18	1.000	-338.047
1	19	1.000	-337.682
1	20	1.000	-337.803
1	21	1.000	-338.848
1	22	1.000	-339.170
1	23	1.000	-338.344
1	24	1.000	-337.821
1	25	1.000	-339.639
1	26	1.000	-339.277
1	27	1.000	-339.831
1	28	1.000	-337.540
1	29	1.000	-337.792
1	30	1.000	-337.653
1	31	1.000	-337.619
1	32	1.000	-337.062
1	33	1.000	-337.580
1	34	1.000	-336.786
1	35	1.000	-337.107
1	36	1.000	-337.071
1	37	1.000	-338.627
1	38	1.000	-337.528
1	39	1.000	-338.058
1	40	1.000	-337.749
1	41	1.000	-337.871
1	42	1.000	-338.825
1	43	1.000	-339.787
1	44	1.000	-337.231
1	45	1.000	-336.470
1	46	1.000	-336.385
1	47	1.000	-337.809
1	48	1.000	-337.223
1	49	1.000	-338.055
1	50	1.000	-339.472
1	51	1.000	-338.381
1	52	1.000	-339.741
1	53	1.000	-336.821
1	54	1.000	-339.843
1	55	1.000	-339.890
1	56	1.000	-339.187
1	57	1.000	-339.389
1	58	1.000	-340.258
1	59	1.000	-340.212
1	60	1.000	-339.458
1	61	1.000	-337.754
1	62	1.000	-340.372
1	63	1.000	-340.975
1	64	1.000	-338.824
#
### SDC1-V2
2	1	1.000	-336.767
2	2	1.000	-339.883
2	3	1.000	-340.149
2	4	1.000	-341.174
2	5	1.000	-341.784
2	6	1.000	-341.855
2	7	1.000	-340.808
2	8	1.000	-341.387
2	9	1.000	-340.569
2	10	1.000	-341.325
2	11	1.000	-340.849
2	12	1.000	-341.711
2	13	1.000	-340.071
2	14	1.000	-340.290
2	15	1.000	-339.590
2	16	1.000	-340.078
2	17	1.000	-337.472
2	18	1.000	-338.856
2	19	1.000	-338.809
2	20	1.000	-338.334
2	21	1.000	-339.319
2	22	1.000	-338.920
2	23	1.000	-339.162
2	24	1.000	-338.360
2	25	1.000	-338.577
2	26	1.000	-339.023
2	27	1.000	-339.206
2	28	1.000	-340.176
2	29	1.000	-338.578
2	30	1.000	-338.684
2	31	1.000	-338.089
2	32	1.000	-338.799
2	33	1.000	-336.441
2	34	1.000	-337.431
2	35	1.000	-338.944
2	36	1.000	-338.428
2	37	1.000	-338.080
2	38	1.000	-338.346
2	39	1.000	-338.039
2	40	1.000	-338.133
2	41	1.000	-338.015
2	42	1.000	-338.615
2	43	1.000	-337.773
2	44	1.000	-337.886
2	45	1.000	-336.251
2	46	1.000	-338.300
2	47	1.000	-336.355
2	48	1.000	-337.026
2	49	1.000	-336.795
2	50	1.000	-337.747
2	51	1.000	-339.654
2	52	1.000	-339.999
2	53	1.000	-339.146
2	54	1.000	-339.439
2	55	1.000	-340.746
2	56	1.000	-340.296
2	57	1.000	-339.002
2	58	1.000	-339.245
2	59	1.000	-339.406
2	60	1.000	-338.896
2	61	1.000	-338.560
2	62	1.000	-340.553
2	63	1.000	-338.824
2	64	1.000	-336.132
#
### SDC1-X1
3	1	1.000	-337.743
3	2	1.000	-341.008
3	3	1.000	-340.667
3	4	1.000	-340.906
3	5	1.000	-341.090
3	6	1.000	-340.911
3	7	1.000	-340.354
3	8	1.000	-340.162
3	9	1.000	-340.003
3	10	1.000	-340.942
3	11	1.000	-340.180
3	12	1.000	-341.088
3	13	1.000	-339.175
3	14	1.000	-339.756
3	15	1.000	-338.768
3	16	1.000	-339.485
3	17	1.000	-339.907
3	18	1.000	-340.828
3	19	1.000	-341.135
3	20	1.000	-341.183
3	21	1.000	-341.510
3	22	1.000	-342.408
3	23	1.000	-341.324
3	24	1.000	-341.728
3	25	1.000	-341.577
3	26	1.000	-341.221
3	27	1.000	-342.372
3	28	1.000	-342.756
3	29	1.000	-339.642
3	30	1.000	-341.674
3	31	1.000	-340.017
3	32	1.000	-340.621
3	33	1.000	-338.369
3	34	1.000	-337.458
3	35	1.000	-337.257
3	36	1.000	-339.266
3	37	1.000	-338.367
3	38	1.000	-338.586
3	39	1.000	-339.020
3	40	1.000	-338.320
3	41	1.000	-337.595
3	42	1.000	-340.031
3	43	1.000	-338.992
3	44	1.000	-338.174
3	45	1.000	-337.643
3	46	1.000	-337.968
3	47	1.000	-337.040
3	48	1.000	-337.978
3	49	1.000	-336.565
3	50	1.000	-338.506
3	51	1.000	-337.763
3	52	1.000	-338.268
3	53	1.000	-338.970
3	54	1.000	-338.504
3	55	1.000	-338.101
3	56	1.000	-338.371
3	57	1.000	-339.238
3	58	1.000	-340.390
3	59	1.000	-340.109
3	60	1.000	-339.494
3	61	1.000	-336.944
3	62	1.000	-338.202
3	63	1.000	-338.229
3	64	1.000	-338.662
#
### SDC1-X2
4	1	1.000	-339.348
4	2	1.000	-339.975
4	3	1.000	-341.443
4	4	1.000	-340.470
4	5	1.000	-341.655
4	6	1.000	-341.239
4	7	1.000	-341.100
4	8	1.000	-339.924
4	9	1.000	-341.450
4	10	1.000	-340.371
4	11	1.000	-341.288
4	12	1.000	-340.276
4	13	1.000	-339.326
4	14	1.000	-338.943
4	15	1.000	-340.137
4	16	1.000	-339.504
4	17	1.000	-340.803
4	18	1.000	-340.902
4	19	1.000	-341.449
4	20	1.000	-340.814
4	21	1.000	-341.737
4	22	1.000	-341.947
4	23	1.000	-342.010
4	24	1.000	-340.727
4	25	1.000	-342.730
4	26	1.000	-341.597
4	27	1.000	-342.487
4	28	1.000	-340.915
4	29	1.000	-341.574
4	30	1.000	-341.006
4	31	1.000	-340.482
4	32	1.000	-341.620
4	33	1.000	-337.356
4	34	1.000	-337.149
4	35	1.000	-338.770
4	36	1.000	-337.714
4	37	1.000	-338.029
4	38	1.000	-338.202
4	39	1.000	-338.357
4	40	1.000	-336.864
4	41	1.000	-339.101
4	42	1.000	-339.779
4	43	1.000	-337.980
4	44	1.000	-338.090
4	45	1.000	-336.823
4	46	1.000	-337.657
4	47	1.000	-337.002
4	48	1.000	-335.896
4	49	1.000	-337.166
4	50	1.000	-336.349
4	51	1.000	-337.578
4	52	1.000	-338.284
4	53	1.000	-337.985
4	54	1.000	-339.826
4	55	1.000	-338.275
4	56	1.000	-338.446
4	57	1.000	-340.865
4	58	1.000	-338.745
4	59	1.000	-340.072
4	60	1.000	-340.369
4	61	1.000	-338.372
4	62	1.000	-337.599
4	63	1.000	-337.365
4	64	1.000	-336.138
#
### SDC1-U1
5	1	1.000	-336.325
5	2	1.000	-337.200
5	3	1.000	-338.009
5	4	1.000	-337.533
5	5	1.000	-339.696
5	6	1.000	-339.176
5	7	1.000	-338.951
5	8	1.000	-337.664
5	9	1.000	-338.256
5	10	1.000	-338.612
5	11	1.000	-338.321
5	12	1.000	-338.400
5	13	1.000	-337.750
5	14	1.000	-337.164
5	15	1.000	-337.656
5	16	1.000	-337.087
5	17	1.000	-339.290
5	18	1.000	-339.849
5	19	1.000	-339.365
5	20	1.000	-339.211
5	21	1.000	-340.743
5	22	1.000	-340.006
5	23	1.000	-340.200
5	24	1.000	-339.210
5	25	1.000	-340.419
5	26	1.000	-339.393
5	27	1.000	-340.302
5	28	1.000	-339.094
5	29	1.000	-339.487
5	30	1.000	-339.477
5	31	1.000	-339.141
5	32	1.000	-340.151
5	33	1.000	-338.698
5	34	1.000	-338.427
5	35	1.000	-337.656
5	36	1.000	-338.994
5	37	1.000	-338.900
5	38	1.000	-339.431
5	39	1.000	-338.069
5	40	1.000	-338.479
5	41	1.000	-340.214
5	42	1.000	-337.811
5	43	1.000	-339.437
5	44	1.000	-338.919
5	45	1.000	-337.073
5	46	1.000	-338.944
5	47	1.000	-337.490
5	48	1.000	-337.001
5	49	1.000	-339.454
5	50	1.000	-337.500
5	51	1.000	-336.731
5	52	1.000	-339.545
5	53	1.000	-338.340
5	54	1.000	-340.218
5	55	1.000	-339.539
5	56	1.000	-337.974
5	57	1.000	-341.484
5	58	1.000	-339.335
5	59	1.000	-340.336
5	60	1.000	-337.298
5	61	1.000	-339.783
5	62	1.000	-338.142
5	63	1.000	-336.928
5	64	1.000	-335.315
#
### SDC1-U2
6	1	1.000	-334.109
6	2	1.000	-337.370
6	3	1.000	-337.728
6	4	1.000	-338.792
6	5	1.000	-339.278
6	6	1.000	-340.276
6	7	1.000	-338.265
6	8	1.000	-338.894
6	9	1.000	-337.795
6	10	1.000	-339.143
6	11	1.000	-339.276
6	12	1.000	-339.159
6	13	1.000	-337.295
6	14	1.000	-338.608
6	15	1.000	-337.735
6	16	1.000	-337.854
6	17	1.000	-337.628
6	18	1.000	-339.488
6	19	1.000	-338.641
6	20	1.000	-339.698
6	21	1.000	-339.447
6	22	1.000	-340.014
6	23	1.000	-339.279
6	24	1.000	-339.447
6	25	1.000	-338.984
6	26	1.000	-340.473
6	27	1.000	-340.186
6	28	1.000	-339.660
6	29	1.000	-337.753
6	30	1.000	-338.769
6	31	1.000	-338.688
6	32	1.000	-338.190
6	33	1.000	-337.596
6	34	1.000	-338.767
6	35	1.000	-338.303
6	36	1.000	-337.863
6	37	1.000	-338.178
6	38	1.000	-339.117
6	39	1.000	-338.274
6	40	1.000	-338.487
6	41	1.000	-337.785
6	42	1.000	-340.041
6	43	1.000	-338.447
6	44	1.000	-338.525
6	45	1.000	-336.818
6	46	1.000	-337.022
6	47	1.000	-336.346
6	48	1.000	-337.205
6	49	1.000	-337.547
6	50	1.000	-336.647
6	51	1.000	-338.201
6	52	1.000	-336.656
6	53	1.000	-339.278
6	54	1.000	-338.799
6	55	1.000	-338.821
6	56	1.000	-338.417
6	57	1.000	-338.208
6	58	1.000	-340.167
6	59	1.000	-339.561
6	60	1.000	-340.875
6	61	1.000	-336.936
6	62	1.000	-336.562
6	63	1.000	-336.801
6	64	1.000	-338.824
#
### SDC2-X1
31	1	0.833	-891.674
31	2	0.833	-887.063
31	3	0.833	-889.897
31	4	0.833	-888.689
31	5	0.833	-881.977
31	6	0.833	-881.977
31	7	0.833	-881.977
31	8	0.833	-881.977
31	9	0.833	-893.869
31	10	0.833	-890.624
31	11	0.833	-881.977
31	12	0.833	-885.043
31	13	0.833	-891.918
31	14	0.833	-881.977
31	15	0.833	-881.977
31	16	0.833	-890.864
31	17	0.833	-882.422
31	18	0.833	-887.766
31	19	0.833	-881.977
31	20	0.833	-881.977
31	21	0.833	-889.841
31	22	0.833	-889.141
31	23	0.833	-881.977
31	24	0.833	-881.977
31	25	0.833	-892.613
31	26	0.833	-881.977
31	27	0.833	-881.977
31	28	0.833	-881.977
31	29	0.833	-881.977
31	30	0.833	-881.977
31	31	0.833	-881.977
31	32	0.833	-890.332
31	33	0.833	-895.092
31	34	0.833	-886.388
31	35	0.833	-881.977
31	36	0.833	-886.974
31	37	0.833	-886.794
31	38	0.833	-887.439
31	39	0.833	-885.556
31	40	0.833	-881.943
31	41	0.833	-884.573
31	42	0.833	-884.615
31	43	0.833	-888.372
31	44	0.833	-885.956
31	45	0.833	-885.828
31	46	0.833	-884.247
31	47	0.833	-885.827
31	48	0.833	-884.972
31	49	0.833	-884.517
31	50	0.833	-884.517
31	51	0.833	-886.520
31	52	0.833	-885.079
31	53	0.833	-879.837
31	54	0.833	-881.977
31	55	0.833	-881.977
31	56	0.833	-881.977
31	57	0.833	-881.977
31	58	0.833	-881.977
31	59	0.833	-881.977
31	60	0.833	-881.977
31	61	0.833	-881.977
31	62	0.833	-881.977
31	63	0.833	-881.977
31	64	0.833	-881.977
31	65	0.833	-886.220
31	66	0.833	-878.521
31	67	0.833	-882.464
31	68	0.833	-883.317
31	69	0.833	-882.967
31	70	0.833	-883.667
31	71	0.833	-881.860
31	72	0.833	-882.509
31	73	0.833	-882.680
31	74	0.833	-884.966
31	75	0.833	-883.540
31	76	0.833	-885.621
31	77	0.833	-885.355
31	78	0.833	-886.036
31	79	0.833	-886.890
31	80	0.833	-883.220
31	81	0.833	-882.391
31	82	0.833	-882.396
31	83	0.833	-881.410
31	84	0.833	-883.485
31	85	0.833	-883.637
31	86	0.833	-883.576
31	87	0.833	-882.739
31	88	0.833	-882.762
31	89	0.833	-879.926
31	90	0.833	-881.543
31	91	0.833	-881.088
31	92	0.833	-881.038
31	93	0.833	-882.209
31	94	0.833	-881.606
31	95	0.833	-881.027
31	96	0.833	-881.181
31	97	0.833	-880.420
31	98	0.833	-881.726
31	99	0.833	-880.980
31	100	0.833	-882.379
31	101	0.833	-882.097
31	102	0.833	-880.734
31	103	0.833	-883.593
31	104	0.833	-881.396
31	105	0.833	-882.209
31	106	0.833	-880.393
31	107	0.833	-879.713
31	108	0.833	-881.726
31	109	0.833	-880.694
31	110	0.833	-880.776
31	111	0.833	-881.634
31	112	0.833	-881.860
31	113	0.833	-880.895
31	114	0.833	-880.485
31	115	0.833	-882.674
31	116	0.833	-880.273
31	117	0.833	-882.232
31	118	0.833	-880.579
31	119	0.833	-882.032
31	120	0.833	-880.482
31	121	0.833	-882.896
31	122	0.833	-881.087
31	123	0.833	-886.019
31	124	0.833	-884.819
31	125	0.833	-883.678
31	126	0.833	-881.176
31	127	0.833	-885.220
31	128	0.833	-881.977
#
### SDC2-X2
32	1	0.833	-888.023
32	2	0.833	-888.023
32	3	0.833	-888.023
32	4	0.833	-888.023
32	5	0.833	-888.023
32	6	0.833	-888.023
32	7	0.833	-888.023
32	8	0.833	-888.023
32	9	0.833	-888.023
32	10	0.833	-888.023
32	11	0.833	-888.023
32	12	0.833	-888.023
32	13	0.833	-888.023
32	14	0.833	-888.023
32	15	0.833	-888.023
32	16	0.833	-888.023
32	17	0.833	-888.023
32	18	0.833	-888.023
32	19	0.833	-888.023
32	20	0.833	-888.023
32	21	0.833	-888.023
32	22	0.833	-888.023
32	23	0.833	-888.023
32	24	0.833	-888.023
32	25	0.833	-888.023
32	26	0.833	-888.023
32	27	0.833	-888.023
32	28	0.833	-888.023
32	29	0.833	-888.023
32	30	0.833	-888.023
32	31	0.833	-891.418
32	32	0.833	-888.023
32	33	0.833	-888.023
32	34	0.833	-891.267
32	35	0.833	-888.023
32	36	0.833	-888.023
32	37	0.833	-892.188
32	38	0.833	-899.937
32	39	0.833	-888.018
32	40	0.833	-889.019
32	41	0.833	-889.111
32	42	0.833	-886.718
32	43	0.833	-892.997
32	44	0.833	-886.953
32	45	0.833	-889.652
32	46	0.833	-890.528
32	47	0.833	-892.149
32	48	0.833	-890.292
32	49	0.833	-889.455
32	50	0.833	-889.343
32	51	0.833	-888.608
32	52	0.833	-882.757
32	53	0.833	-879.257
32	54	0.833	-888.023
32	55	0.833	-888.023
32	56	0.833	-888.023
32	57	0.833	-888.023
32	58	0.833	-888.023
32	59	0.833	-888.023
32	60	0.833	-888.023
32	61	0.833	-888.023
32	62	0.833	-888.023
32	63	0.833	-888.023
32	64	0.833	-888.023
32	65	0.833	-874.952
32	66	0.833	-889.295
32	67	0.833	-889.394
32	68	0.833	-890.588
32	69	0.833	-888.507
32	70	0.833	-887.519
32	71	0.833	-888.434
32	72	0.833	-888.396
32	73	0.833	-889.069
32	74	0.833	-889.873
32	75	0.833	-887.988
32	76	0.833	-891.108
32	77	0.833	-889.836
32	78	0.833	-889.069
32	79	0.833	-888.140
32	80	0.833	-887.038
32	81	0.833	-887.663
32	82	0.833	-887.758
32	83	0.833	-889.032
32	84	0.833	-888.799
32	85	0.833	-887.493
32	86	0.833	-889.078
32	87	0.833	-888.682
32	88	0.833	-889.785
32	89	0.833	-889.161
32	90	0.833	-888.072
32	91	0.833	-887.812
32	92	0.833	-887.150
32	93	0.833	-886.219
32	94	0.833	-883.922
32	95	0.833	-885.182
32	96	0.833	-883.181
32	97	0.833	-886.301
32	98	0.833	-884.579
32	99	0.833	-885.867
32	100	0.833	-887.040
32	101	0.833	-886.410
32	102	0.833	-885.292
32	103	0.833	-885.872
32	104	0.833	-885.670
32	105	0.833	-885.746
32	106	0.833	-887.035
32	107	0.833	-887.038
32	108	0.833	-883.853
32	109	0.833	-885.198
32	110	0.833	-887.172
32	111	0.833	-887.214
32	112	0.833	-885.424
32	113	0.833	-887.572
32	114	0.833	-885.953
32	115	0.833	-888.343
32	116	0.833	-887.110
32	117	0.833	-888.366
32	118	0.833	-886.100
32	119	0.833	-887.123
32	120	0.833	-888.691
32	121	0.833	-886.426
32	122	0.833	-887.858
32	123	0.833	-886.755
32	124	0.833	-884.897
32	125	0.833	-886.435
32	126	0.833	-891.239
32	127	0.833	-891.873
32	128	0.833	-888.023
#
### SDC2-Y1
33	1	0.833	-890.764
33	2	0.833	-890.764
33	3	0.833	-890.764
33	4	0.833	-890.764
33	5	0.833	-890.764
33	6	0.833	-891.108
33	7	0.833	-891.410
33	8	0.833	-892.596
33	9	0.833	-892.816
33	10	0.833	-898.637
33	11	0.833	-893.284
33	12	0.833	-892.978
33	13	0.833	-889.821
33	14	0.833	-897.294
33	15	0.833	-894.791
33	16	0.833	-890.764
33	17	0.833	-890.315
33	18	0.833	-893.041
33	19	0.833	-890.687
33	20	0.833	-891.180
33	21	0.833	-891.150
33	22	0.833	-893.336
33	23	0.833	-890.977
33	24	0.833	-889.547
33	25	0.833	-893.363
33	26	0.833	-895.136
33	27	0.833	-893.046
33	28	0.833	-890.867
33	29	0.833	-894.202
33	30	0.833	-892.189
33	31	0.833	-892.386
33	32	0.833	-890.668
33	33	0.833	-890.936
33	34	0.833	-890.815
33	35	0.833	-888.410
33	36	0.833	-886.825
33	37	0.833	-883.568
33	38	0.833	-887.919
33	39	0.833	-887.626
33	40	0.833	-889.864
33	41	0.833	-888.862
33	42	0.833	-890.722
33	43	0.833	-888.768
33	44	0.833	-886.506
33	45	0.833	-890.619
33	46	0.833	-890.098
33	47	0.833	-890.557
33	48	0.833	-889.615
33	49	0.833	-890.171
33	50	0.833	-890.863
33	51	0.833	-890.538
33	52	0.833	-890.189
33	53	0.833	-890.314
33	54	0.833	-890.079
33	55	0.833	-889.678
33	56	0.833	-890.685
33	57	0.833	-891.828
33	58	0.833	-892.546
33	59	0.833	-892.514
33	60	0.833	-890.194
33	61	0.833	-876.489
33	62	0.833	-890.764
33	63	0.833	-890.764
33	64	0.833	-890.764
33	65	0.833	-890.764
33	66	0.833	-890.764
33	67	0.833	-890.764
33	68	0.833	-874.186
33	69	0.833	-887.587
33	70	0.833	-891.771
33	71	0.833	-891.063
33	72	0.833	-892.323
33	73	0.833	-890.186
33	74	0.833	-889.662
33	75	0.833	-891.177
33	76	0.833	-890.985
33	77	0.833	-890.112
33	78	0.833	-892.039
33	79	0.833	-891.796
33	80	0.833	-890.618
33	81	0.833	-889.580
33	82	0.833	-892.511
33	83	0.833	-891.673
33	84	0.833	-890.949
33	85	0.833	-889.698
33	86	0.833	-892.547
33	87	0.833	-890.820
33	88	0.833	-889.682
33	89	0.833	-886.892
33	90	0.833	-888.622
33	91	0.833	-888.605
33	92	0.833	-889.065
33	93	0.833	-892.404
33	94	0.833	-892.539
33	95	0.833	-891.426
33	96	0.833	-888.929
33	97	0.833	-889.145
33	98	0.833	-887.868
33	99	0.833	-889.772
33	100	0.833	-889.831
33	101	0.833	-890.367
33	102	0.833	-887.417
33	103	0.833	-888.674
33	104	0.833	-887.683
33	105	0.833	-889.414
33	106	0.833	-892.267
33	107	0.833	-891.498
33	108	0.833	-888.664
33	109	0.833	-893.708
33	110	0.833	-895.856
33	111	0.833	-892.914
33	112	0.833	-892.395
33	113	0.833	-891.247
33	114	0.833	-891.841
33	115	0.833	-891.694
33	116	0.833	-892.489
33	117	0.833	-890.764
33	118	0.833	-891.687
33	119	0.833	-897.989
33	120	0.833	-890.764
33	121	0.833	-890.764
33	122	0.833	-890.764
33	123	0.833	-896.360
33	124	0.833	-890.764
33	125	0.833	-890.764
33	126	0.833	-890.764
33	127	0.833	-890.764
33	128	0.833	-890.168
#
### SDC2-Y2
34	1	0.833	-887.399
34	2	0.833	-886.235
34	3	0.833	-886.235
34	4	0.833	-886.235
34	5	0.833	-887.201
34	6	0.833	-890.895
34	7	0.833	-887.153
34	8	0.833	-886.591
34	9	0.833	-888.123
34	10	0.833	-891.406
34	11	0.833	-890.122
34	12	0.833	-887.421
34	13	0.833	-885.778
34	14	0.833	-890.135
34	15	0.833	-886.872
34	16	0.833	-888.325
34	17	0.833	-885.677
34	18	0.833	-888.484
34	19	0.833	-885.750
34	20	0.833	-886.375
34	21	0.833	-887.350
34	22	0.833	-887.486
34	23	0.833	-886.833
34	24	0.833	-887.325
34	25	0.833	-889.924
34	26	0.833	-887.427
34	27	0.833	-889.331
34	28	0.833	-887.137
34	29	0.833	-887.774
34	30	0.833	-887.926
34	31	0.833	-888.727
34	32	0.833	-888.928
34	33	0.833	-886.525
34	34	0.833	-887.807
34	35	0.833	-886.765
34	36	0.833	-887.170
34	37	0.833	-886.951
34	38	0.833	-885.290
34	39	0.833	-887.044
34	40	0.833	-885.793
34	41	0.833	-888.285
34	42	0.833	-885.793
34	43	0.833	-888.382
34	44	0.833	-889.087
34	45	0.833	-886.440
34	46	0.833	-886.294
34	47	0.833	-886.017
34	48	0.833	-885.806
34	49	0.833	-888.162
34	50	0.833	-889.476
34	51	0.833	-888.520
34	52	0.833	-888.712
34	53	0.833	-890.030
34	54	0.833	-889.528
34	55	0.833	-889.217
34	56	0.833	-888.701
34	57	0.833	-888.716
34	58	0.833	-887.655
34	59	0.833	-888.677
34	60	0.833	-884.086
34	61	0.833	-876.049
34	62	0.833	-886.235
34	63	0.833	-886.235
34	64	0.833	-886.235
34	65	0.833	-886.235
34	66	0.833	-886.235
34	67	0.833	-886.235
34	68	0.833	-871.683
34	69	0.833	-885.407
34	70	0.833	-887.263
34	71	0.833	-887.396
34	72	0.833	-886.467
34	73	0.833	-884.913
34	74	0.833	-885.107
34	75	0.833	-886.307
34	76	0.833	-886.398
34	77	0.833	-883.957
34	78	0.833	-886.093
34	79	0.833	-886.832
34	80	0.833	-887.114
34	81	0.833	-885.754
34	82	0.833	-888.175
34	83	0.833	-888.528
34	84	0.833	-887.422
34	85	0.833	-884.765
34	86	0.833	-885.273
34	87	0.833	-886.049
34	88	0.833	-885.861
34	89	0.833	-883.335
34	90	0.833	-884.376
34	91	0.833	-889.176
34	92	0.833	-887.736
34	93	0.833	-888.394
34	94	0.833	-887.306
34	95	0.833	-885.088
34	96	0.833	-885.648
34	97	0.833	-884.812
34	98	0.833	-883.268
34	99	0.833	-884.543
34	100	0.833	-882.329
34	101	0.833	-885.997
34	102	0.833	-886.660
34	103	0.833	-884.525
34	104	0.833	-884.644
34	105	0.833	-887.214
34	106	0.833	-883.973
34	107	0.833	-884.502
34	108	0.833	-885.452
34	109	0.833	-884.084
34	110	0.833	-885.484
34	111	0.833	-886.677
34	112	0.833	-882.347
34	113	0.833	-888.386
34	114	0.833	-880.957
34	115	0.833	-881.194
34	116	0.833	-884.024
34	117	0.833	-887.239
34	118	0.833	-888.492
34	119	0.833	-886.736
34	120	0.833	-882.843
34	121	0.833	-888.459
34	122	0.833	-889.468
34	123	0.833	-882.905
34	124	0.833	-886.235
34	125	0.833	-887.092
34	126	0.833	-886.235
34	127	0.833	-886.235
34	128	0.833	-886.235
#
### SDC3-Y1
35	1	0.833	-881.141
35	2	0.833	-881.141
35	3	0.833	-875.173
35	4	0.833	-878.973
35	5	0.833	-876.549
35	6	0.833	-883.898
35	7	0.833	-881.639
35	8	0.833	-879.679
35	9	0.833	-879.788
35	10	0.833	-880.418
35	11	0.833	-882.072
35	12	0.833	-885.937
35	13	0.833	-880.002
35	14	0.833	-879.784
35	15	0.833	-880.329
35	16	0.833	-880.976
35	17	0.833	-881.157
35	18	0.833	-875.600
35	19	0.833	-879.572
35	20	0.833	-880.195
35	21	0.833	-880.187
35	22	0.833	-878.427
35	23	0.833	-879.437
35	24	0.833	-878.414
35	25	0.833	-878.909
35	26	0.833	-877.145
35	27	0.833	-876.689
35	28	0.833	-877.591
35	29	0.833	-875.488
35	30	0.833	-856.696
35	31	0.833	-881.141
35	32	0.833	-881.141
35	33	0.833	-881.141
35	34	0.833	-881.141
35	35	0.833	-863.213
35	36	0.833	-876.807
35	37	0.833	-879.793
35	38	0.833	-881.093
35	39	0.833	-881.586
35	40	0.833	-880.978
35	41	0.833	-881.791
35	42	0.833	-880.021
35	43	0.833	-882.637
35	44	0.833	-881.947
35	45	0.833	-884.290
35	46	0.833	-880.201
35	47	0.833	-883.727
35	48	0.833	-881.948
35	49	0.833	-883.295
35	50	0.833	-880.384
35	51	0.833	-882.115
35	52	0.833	-882.751
35	53	0.833	-882.795
35	54	0.833	-881.237
35	55	0.833	-882.685
35	56	0.833	-879.599
35	57	0.833	-884.342
35	58	0.833	-883.162
35	59	0.833	-883.488
35	60	0.833	-882.171
35	61	0.833	-884.552
35	62	0.833	-877.661
35	63	0.833	-881.771
35	64	0.833	-881.141
#
## SDC3-Y2
36	1	0.833	-856.770
36	2	0.833	-856.770
36	3	0.833	-856.770
36	4	0.833	-877.581
36	5	0.833	-856.770
36	6	0.833	-881.156
36	7	0.833	-874.779
36	8	0.833	-879.824
36	9	0.833	-856.770
36	10	0.833	-856.770
36	11	0.833	-856.770
36	12	0.833	-881.575
36	13	0.833	-879.540
36	14	0.833	-856.770
36	15	0.833	-856.770
36	16	0.833	-856.770
36	17	0.833	-880.017
36	18	0.833	-878.749
36	19	0.833	-876.476
36	20	0.833	-879.056
36	21	0.833	-879.589
36	22	0.833	-877.936
36	23	0.833	-880.890
36	24	0.833	-879.303
36	25	0.833	-878.030
36	26	0.833	-876.877
36	27	0.833	-874.965
36	28	0.833	-876.657
36	29	0.833	-875.858
36	30	0.833	-857.095
36	31	0.833	-856.770
36	32	0.833	-856.770
36	33	0.833	-856.770
36	34	0.833	-856.770
36	35	0.833	-863.846
36	36	0.833	-879.815
36	37	0.833	-878.294
36	38	0.833	-878.707
36	39	0.833	-879.286
36	40	0.833	-878.488
36	41	0.833	-879.058
36	42	0.833	-879.433
36	43	0.833	-880.697
36	44	0.833	-879.379
36	45	0.833	-856.770
36	46	0.833	-881.100
36	47	0.833	-856.770
36	48	0.833	-856.770
36	49	0.833	-856.770
36	50	0.833	-856.770
36	51	0.833	-879.094
36	52	0.833	-856.770
36	53	0.833	-856.770
36	54	0.833	-856.770
36	55	0.833	-878.916
36	56	0.833	-879.798
36	57	0.833	-880.959
36	58	0.833	-856.770
36	59	0.833	-856.770
36	60	0.833	-856.770
36	61	0.833	-856.770
36	62	0.833	-856.770
36	63	0.833	-879.998
36	64	0.833	-856.770
#
### SDC3-X1
37	1	0.833	-880.323
37	2	0.833	-880.323
37	3	0.833	-880.323
37	4	0.833	-880.323
37	5	0.833	-880.323
37	6	0.833	-880.323
37	7	0.833	-880.323
37	8	0.833	-880.323
37	9	0.833	-880.323
37	10	0.833	-880.323
37	11	0.833	-880.323
37	12	0.833	-880.323
37	13	0.833	-880.323
37	14	0.833	-880.323
37	15	0.833	-878.464
37	16	0.833	-880.323
37	17	0.833	-876.090
37	18	0.833	-876.447
37	19	0.833	-890.788
37	20	0.833	-878.615
37	21	0.833	-880.609
37	22	0.833	-878.410
37	23	0.833	-886.838
37	24	0.833	-887.945
37	25	0.833	-881.493
37	26	0.833	-889.379
37	27	0.833	-880.762
37	28	0.833	-887.203
37	29	0.833	-880.296
37	30	0.833	-886.540
37	31	0.833	-887.188
37	32	0.833	-890.703
37	33	0.833	-882.341
37	34	0.833	-881.140
37	35	0.833	-881.846
37	36	0.833	-882.944
37	37	0.833	-877.376
37	38	0.833	-889.476
37	39	0.833	-882.510
37	40	0.833	-883.381
37	41	0.833	-883.131
37	42	0.833	-887.215
37	43	0.833	-881.173
37	44	0.833	-880.323
37	45	0.833	-880.323
37	46	0.833	-880.323
37	47	0.833	-880.323
37	48	0.833	-880.323
37	49	0.833	-880.323
37	50	0.833	-880.323
37	51	0.833	-880.323
37	52	0.833	-880.323
37	53	0.833	-880.323
37	54	0.833	-865.788
37	55	0.833	-877.191
37	56	0.833	-879.948
37	57	0.833	-880.892
37	58	0.833	-883.012
37	59	0.833	-880.721
37	60	0.833	-882.770
37	61	0.833	-880.611
37	62	0.833	-882.079
37	63	0.833	-882.304
37	64	0.833	-881.297
37	65	0.833	-878.940
37	66	0.833	-876.322
37	67	0.833	-875.741
37	68	0.833	-877.644
37	69	0.833	-876.985
37	70	0.833	-877.306
37	71	0.833	-876.287
37	72	0.833	-876.841
37	73	0.833	-876.957
37	74	0.833	-879.552
37	75	0.833	-880.573
37	76	0.833	-880.255
37	77	0.833	-881.084
37	78	0.833	-881.097
37	79	0.833	-879.620
37	80	0.833	-881.243
37	81	0.833	-875.074
37	82	0.833	-892.241
37	83	0.833	-887.148
37	84	0.833	-876.039
37	85	0.833	-888.341
37	86	0.833	-881.254
37	87	0.833	-886.194
37	88	0.833	-879.182
37	89	0.833	-880.323
37	90	0.833	-880.323
37	91	0.833	-889.947
37	92	0.833	-877.782
37	93	0.833	-886.718
37	94	0.833	-884.388
37	95	0.833	-879.162
37	96	0.833	-883.273
#
### SDC3-X2
38	1	0.833	-874.927
38	2	0.833	-874.927
38	3	0.833	-874.927
38	4	0.833	-874.927
38	5	0.833	-874.927
38	6	0.833	-874.927
38	7	0.833	-874.927
38	8	0.833	-874.927
38	9	0.833	-874.927
38	10	0.833	-874.927
38	11	0.833	-874.927
38	12	0.833	-874.927
38	13	0.833	-874.927
38	14	0.833	-874.927
38	15	0.833	-874.927
38	16	0.833	-874.927
38	17	0.833	-874.927
38	18	0.833	-879.259
38	19	0.833	-874.927
38	20	0.833	-875.714
38	21	0.833	-874.927
38	22	0.833	-874.927
38	23	0.833	-874.927
38	24	0.833	-878.668
38	25	0.833	-878.271
38	26	0.833	-881.400
38	27	0.833	-874.564
38	28	0.833	-875.767
38	29	0.833	-886.214
38	30	0.833	-881.310
38	31	0.833	-872.668
38	32	0.833	-879.188
38	33	0.833	-884.429
38	34	0.833	-882.395
38	35	0.833	-880.965
38	36	0.833	-865.601
38	37	0.833	-876.554
38	38	0.833	-876.344
38	39	0.833	-877.575
38	40	0.833	-875.519
38	41	0.833	-878.460
38	42	0.833	-875.882
38	43	0.833	-874.352
38	44	0.833	-874.927
38	45	0.833	-874.927
38	46	0.833	-874.927
38	47	0.833	-874.927
38	48	0.833	-874.927
38	49	0.833	-874.927
38	50	0.833	-874.927
38	51	0.833	-874.927
38	52	0.833	-874.927
38	53	0.833	-874.927
38	54	0.833	-869.451
38	55	0.833	-871.211
38	56	0.833	-875.597
38	57	0.833	-877.555
38	58	0.833	-879.015
38	59	0.833	-879.072
38	60	0.833	-879.108
38	61	0.833	-878.898
38	62	0.833	-878.994
38	63	0.833	-881.121
38	64	0.833	-880.204
38	65	0.833	-875.822
38	66	0.833	-875.380
38	67	0.833	-872.235
38	68	0.833	-870.709
38	69	0.833	-869.774
38	70	0.833	-870.904
38	71	0.833	-874.322
38	72	0.833	-873.554
38	73	0.833	-874.107
38	74	0.833	-875.762
38	75	0.833	-874.453
38	76	0.833	-874.526
38	77	0.833	-875.485
38	78	0.833	-873.606
38	79	0.833	-875.494
38	80	0.833	-873.054
38	81	0.833	-875.265
38	82	0.833	-874.991
38	83	0.833	-878.143
38	84	0.833	-874.129
38	85	0.833	-881.660
38	86	0.833	-879.247
38	87	0.833	-878.117
38	88	0.833	-881.979
38	89	0.833	-884.017
38	90	0.833	-878.572
38	91	0.833	-874.927
38	92	0.833	-877.636
38	93	0.833	-880.137
38	94	0.833	-873.857
38	95	0.833	-882.514
38	96	0.833	-857.459
#
